-0.209002
-0.209002
-0.207435
-0.207435
-0.207435
-0.199369
-0.199369
-0.196092
-0.192136
-0.196531
-0.197664
-0.197664
-0.197357
-0.206194
-0.206522
-0.206675
-0.206019
-0.206453
-0.206136
-0.206136
-0.206061
-0.205938
-0.206191
-0.206143
-0.206069
-0.206226
-0.206300
-0.206796
-0.206876
-0.206876
-0.206856
-0.206856
-0.206856
-0.206928
-0.206928
-0.206928
-0.206928
-0.206928
-0.206928
-0.206922
-0.206909
-0.206909
-0.206909
-0.206909
-0.206909
-0.206830
-0.206830
-0.206830
-0.206830
-0.206731
-0.206485
-0.206320
-0.206320
-0.206320
-0.206320
-0.206320
-0.206294
-0.206294
-0.206294
-0.206294
-0.206294
-0.206294
-0.206294
-0.206294
-0.206294
-0.206091
-0.206091
-0.206025
-0.206025
-0.206015
-0.206015
-0.206010
-0.206010
-0.205673
-0.205673
-0.205673
-0.205673
-0.205673
-0.205513
-0.205513
-0.205513
-0.205463
-0.205463
-0.205463
-0.205454
-0.205428
-0.205059
-0.204869
-0.204869
-0.204869
-0.204869
-0.204716
-0.204658
-0.204466
-0.204466
-0.204466
-0.204466
-0.204466
-0.204428
-0.204435
-0.204345
-0.204345
-0.204345
-0.204345
-0.204345
-0.204345
-0.204345
-0.204345
-0.204345
-0.204345
-0.204345
-0.204391
-0.204391
-0.204144
-0.204144
-0.204144
-0.204130
-0.204175
-0.204162
-0.204162
-0.203867
-0.203861
-0.203719
-0.203690
-0.203586
-0.203601
-0.203601
-0.203556
-0.203556
-0.203428
-0.203428
-0.203290
-0.203219
-0.202972
-0.202972
-0.202708
-0.202708
-0.202708
-0.202543
-0.202441
-0.202400
-0.201935
-0.201935
-0.201935
-0.201890
-0.201766
-0.201766
-0.201740
-0.201740
-0.201740
-0.201723
-0.201689
-0.201634
-0.201634
-0.201634
-0.201621
-0.201556
-0.201444
-0.201294
-0.201306
-0.201236
-0.201105
-0.201100
-0.201076
-0.200998
-0.200730
-0.200740
-0.200740
-0.200740
-0.200550
-0.200550
-0.200550
-0.200492
-0.200492
-0.200487
-0.200487
-0.200487
-0.200487
-0.200487
-0.200535
-0.200520
-0.200520
-0.200520
-0.200253
-0.200253
-0.200253
-0.200218
-0.200234
-0.200075
-0.200075
-0.200075
-0.200001
-0.200001
-0.199959
-0.199962
-0.199819
-0.199745
-0.199667
-0.199667
-0.199667
-0.199667
-0.199654
-0.199653
-0.199557
-0.199228
-0.199228
-0.199228
-0.199228
-0.199223
-0.199223
-0.199223
-0.199223
-0.199094
-0.199091
-0.199072
-0.199061
-0.199061
-0.199061
-0.199061
-0.199061
-0.199033
-0.198847
-0.198847
-0.198847
-0.198852
-0.198852
-0.198852
-0.198770
-0.198787
-0.198791
-0.198798
-0.198798
-0.198758
-0.198625
-0.198625
-0.198625
-0.198625
-0.198563
-0.198563
-0.198563
-0.198430
-0.198384
-0.198298
-0.198298
-0.198298
-0.198298
-0.198298
-0.198298
-0.198298
-0.198298
-0.198239
-0.198226
-0.198175
-0.198175
-0.198175
-0.198175
-0.198175
-0.198175
-0.198209
-0.198076
-0.198076
-0.198113
-0.198113
-0.198133
-0.198133
-0.198133
-0.197959
-0.197959
-0.197959
-0.197959
-0.197959
-0.197959
-0.197913
-0.197913
-0.197901
-0.197901
-0.197839
-0.197805
-0.197805
-0.197805
-0.197713
-0.197728
-0.197718
-0.197581
-0.197581
-0.197581
-0.197581
-0.197581
-0.197590
-0.197590
-0.197587
-0.197587
-0.197587
-0.197626
-0.197629
-0.197567
-0.197499
-0.197499
-0.197499
-0.197492
-0.197492
-0.197492
-0.197462
-0.197441
-0.197441
-0.197441
-0.197498
-0.197515
-0.197515
-0.197515
-0.197515
-0.197515
-0.197515
-0.197515
-0.197515
-0.197495
-0.197495
-0.197495
-0.197495
-0.197495
-0.197484
-0.197494
-0.197480
-0.197473
-0.197473
-0.197473
-0.197473
-0.197474
-0.197474
-0.197476
-0.197432
-0.197432
-0.197432
-0.197414
-0.197408
-0.197408
-0.197408
-0.197408
-0.197202
-0.197198
-0.197198
-0.197198
-0.197134
-0.197110
-0.197075
-0.197075
-0.197075
-0.197075
-0.197054
-0.197020
-0.197020
-0.197041
-0.197041
-0.197041
-0.197041
-0.197010
-0.196953
-0.196953
-0.196953
-0.196953
-0.196953
-0.196946
-0.196946
-0.196903
-0.196903
-0.196903
-0.196903
-0.196903
-0.196871
-0.196826
-0.196826
-0.196793
-0.196793
-0.196793
-0.196793
-0.196754
-0.196737
-0.196737
-0.196683
-0.196682
-0.196682
-0.196682
-0.196631
-0.196681
-0.196681
-0.196681
-0.196681
-0.196672
-0.196536
-0.196536
-0.196536
-0.196536
-0.196476
-0.196485
-0.196476
-0.196430
-0.196315
-0.196261
-0.196220
-0.196220
-0.196225
-0.196225
-0.196225
-0.196225
-0.196225
-0.196225
-0.196225
-0.196225
-0.196225
-0.196225
-0.196162
-0.196161
-0.196161
-0.196163
-0.196163
-0.196110
-0.196110
-0.196118
-0.196118
-0.196120
-0.196120
-0.196077
-0.196077
-0.196043
-0.196043
-0.196043
-0.196043
-0.196043
-0.196043
-0.196043
-0.196043
-0.189076
-0.188946
-0.188946
-0.188946
-0.188946
-0.188935
-0.188929
-0.188888
-0.188887
-0.188887
-0.188887
-0.188887
-0.188887
-0.188872
-0.188872
-0.188872
-0.188872
-0.188859
-0.188859
-0.188803
-0.188803
-0.188798
-0.188798
-0.188798
-0.188798
-0.188793
-0.188739
-0.188735
-0.188735
-0.188735
-0.188736
-0.188678
-0.188678
-0.188573
-0.188558
-0.188558
-0.188558
-0.188558
-0.188539
-0.188539
-0.188539
-0.188539
-0.188516
-0.188516
-0.188516
-0.188516
-0.188516
-0.188504
-0.188504
-0.188461
-0.188441
-0.188441
-0.188433
-0.188433
-0.188433
-0.188433
-0.188356
-0.188292
-0.188292
-0.188261
-0.188255
-0.188255
-0.188255
-0.188255
-0.188255
-0.188255
-0.188255
-0.188208
-0.188197
-0.188197
-0.188197
-0.188142
-0.188142
-0.188115
-0.188086
-0.188086
-0.188086
-0.188058
-0.188066
-0.188066
-0.188066
-0.187969
-0.187969
-0.187969
-0.187969
-0.187969
-0.187969
-0.187969
-0.187960
-0.187960
-0.187960
-0.187941
-0.187925
-0.187925
-0.187925
-0.187893
-0.187893
-0.187893
-0.187893
-0.187893
-0.187893
-0.187893
-0.187874
-0.187866
-0.187866
-0.187819
-0.187819
-0.187819
-0.187818
-0.187818
-0.187785
-0.187769
-0.187769
-0.187769
-0.187741
-0.187716
-0.187716
-0.187615
-0.187615
-0.187615
-0.187615
-0.187615
-0.187615
-0.187615
-0.187578
-0.187578
-0.187561
-0.187563
-0.187553
-0.187553
-0.187510
-0.187423
-0.187423
-0.187410
-0.187410
-0.187410
-0.187401
-0.187398
-0.187398
-0.187373
-0.187345
-0.187345
-0.187325
-0.187325
-0.187325
-0.187308
-0.187317
-0.187317
-0.187279
-0.187260
-0.187260
-0.187260
-0.187260
-0.187260
-0.187229
-0.187229
-0.187229
-0.187229
-0.187201
-0.187201
-0.187139
-0.187139
-0.187139
-0.187139
-0.187087
-0.187086
-0.187086
-0.187074
-0.187074
-0.187075
-0.187088
-0.187088
-0.187088
-0.187088
-0.187095
-0.187088
-0.187088
-0.187088
-0.187088
-0.187088
-0.187088
-0.187045
-0.186912
-0.186862
-0.186862
-0.186862
-0.186862
-0.186862
-0.186862
-0.186862
-0.186862
-0.186862
-0.186862
-0.186862
-0.186862
-0.186862
-0.186832
-0.186820
-0.186820
-0.186820
-0.186820
-0.186506
-0.186506
-0.186506
-0.186506
-0.186496
-0.186454
-0.186430
-0.186384
-0.186384
-0.186384
-0.186376
-0.186376
-0.186376
-0.186343
-0.186343
-0.186298
-0.186296
-0.186296
-0.186263
-0.186263
-0.186263
-0.186232
-0.186208
-0.186208
-0.186164
-0.186135
-0.186120
-0.186120
-0.186120
-0.186120
-0.186120
-0.186120
-0.186120
-0.186120
-0.186109
-0.186109
-0.186039
-0.186019
-0.186021
-0.186021
-0.185987
-0.185985
-0.185982
-0.185948
-0.185948
-0.185948
-0.185948
-0.185948
-0.185948
-0.185948
-0.185880
-0.185860
-0.185868
-0.185868
-0.185866
-0.185851
-0.185851
-0.185851
-0.185851
-0.185851
-0.185851
-0.185839
-0.185832
-0.185832
-0.185832
-0.185745
-0.185742
-0.185687
-0.185687
-0.185678
-0.185663
-0.185631
-0.185631
-0.185528
-0.185528
-0.185528
-0.185528
-0.185479
-0.185479
-0.185413
-0.185418
-0.185418
-0.185418
-0.185407
-0.185407
-0.185390
-0.185390
-0.185385
-0.185385
-0.185385
-0.185385
-0.185371
-0.185371
-0.185371
-0.185375
-0.185358
-0.185376
-0.185362
-0.185362
-0.185362
-0.185363
-0.185357
-0.185357
-0.185357
-0.185323
-0.185323
-0.185323
-0.185323
-0.185314
-0.185290
-0.185290
-0.185246
-0.185246
-0.185239
-0.185239
-0.185194
-0.185194
-0.185194
-0.185194
-0.185194
-0.185174
-0.185174
-0.185174
-0.185141
-0.185141
-0.185141
-0.185141
-0.185141
-0.185114
-0.185113
-0.184441
-0.184431
-0.184431
-0.184431
-0.184431
-0.184430
-0.184417
-0.184417
-0.184332
-0.184332
-0.184322
-0.184322
-0.184322
-0.184310
-0.184310
-0.184310
-0.184310
-0.184310
-0.184310
-0.184296
-0.184296
-0.184296
-0.184281
-0.184281
-0.184281
-0.184257
-0.184257
-0.184257
-0.184257
-0.184208
-0.184208
-0.184172
-0.184172
-0.184170
-0.184170
-0.184170
-0.184170
-0.184170
-0.184081
-0.184081
-0.184081
-0.184062
-0.184049
-0.184049
-0.184019
-0.184019
-0.184019
-0.184019
-0.183994
-0.183994
-0.183979
-0.183979
-0.183979
-0.183979
-0.183979
-0.183979
-0.183979
-0.183979
-0.183979
-0.183979
-0.183979
-0.183960
-0.183960
-0.183960
-0.183960
-0.183924
-0.183924
-0.183924
-0.183900
-0.183900
-0.183887
-0.183887
-0.183887
-0.183887
-0.183866
-0.183866
-0.183866
-0.183840
-0.183840
-0.183825
-0.183817
-0.183817
-0.183817
-0.183726
-0.183697
-0.183561
-0.183547
-0.183547
-0.183547
-0.183535
-0.183535
-0.183535
-0.183535
-0.183535
-0.183521
-0.183521
-0.183521
-0.183530
-0.183506
-0.183506
-0.183489
-0.183475
-0.183451
-0.183438
-0.183438
-0.183438
-0.183418
-0.183418
-0.183418
-0.183413
-0.183403
-0.183386
-0.183374
-0.183374
-0.183374
-0.183374
-0.183352
-0.183352
-0.183270
-0.183270
-0.183270
-0.183155
-0.183155
-0.183047
-0.182958
-0.181423
-0.181423
-0.181423
-0.181423
-0.181423
-0.181423
-0.181423
-0.181423
-0.181364
-0.181356
-0.181356
-0.181356
-0.181356
-0.181356
-0.181356
-0.181356
-0.181356
-0.181356
-0.181356
-0.181356
-0.181356
-0.181317
-0.181317
-0.181317
-0.181317
-0.181317
-0.181317
-0.181317
-0.181317
-0.181296
-0.181274
-0.181274
-0.181261
-0.181261
-0.181260
-0.181205
-0.181205
-0.181205
-0.181205
-0.181171
-0.181157
-0.181157
-0.181146
-0.181146
-0.181146
-0.181146
-0.181146
-0.181146
-0.181141
-0.181141
-0.181136
-0.181136
-0.181136
-0.181136
-0.181136
-0.181136
-0.181130
-0.181130
-0.181130
-0.181112
-0.181112
-0.181095
-0.181024
-0.181018
-0.181007
-0.181007
-0.181007
-0.181007
-0.181007
-0.181007
-0.181007
-0.180967
-0.180967
-0.180892
-0.180892
-0.180892
-0.180892
-0.180892
-0.180852
-0.180852
-0.180852
-0.180852
-0.180773
-0.180773
-0.180773
-0.180754
-0.180754
-0.180748
-0.180748
-0.180748
-0.180740
-0.180728
-0.180728
-0.180717
-0.180715
-0.180704
-0.180704
-0.180649
-0.180649
-0.180649
-0.180649
-0.180649
-0.180649
-0.180649
-0.180627
-0.180627
-0.180627
-0.180593
-0.180593
-0.180593
-0.180593
-0.180593
-0.180593
-0.180593
-0.180593
-0.180593
-0.180593
-0.180547
-0.180547
-0.180500
-0.180500
-0.180500
-0.180386
-0.180386
-0.180386
-0.180386
-0.180386
-0.180386
-0.180386
-0.180386
-0.180386
-0.180386
-0.180373
-0.180373
-0.180373
-0.180361
-0.180361
-0.180314
-0.180263
-0.180263
-0.180245
-0.180232
-0.180232
-0.180232
-0.180232
-0.180232
-0.180225
-0.180208
-0.180208
-0.180208
-0.180208
-0.180208
-0.180070
-0.180070
-0.179982
-0.179982
-0.179982
-0.179982
-0.179982
-0.179969
-0.179969
-0.179907
-0.179902
-0.179902
-0.179881
-0.179881
-0.179881
-0.179881
-0.179881
-0.179848
-0.179845
-0.179845
-0.179830
-0.179830
-0.179813
-0.179816
-0.179816
-0.179809
-0.179809
-0.179759
-0.179748
-0.179742
-0.179733
-0.179733
-0.179704
-0.179704
-0.179704
-0.179704
-0.179687
-0.179681
-0.179613
-0.179613
-0.179613
-0.179613
-0.179613
-0.179613
-0.179613
-0.179587
-0.179587
-0.179151
-0.179151
-0.179091
-0.179091
-0.179091
-0.179042
-0.179038
-0.179038
-0.179010
-0.178966
-0.178900
-0.178900
-0.178829
-0.178805
-0.178781
-0.178779
-0.178779
-0.178772
-0.178772
-0.178741
-0.178741
-0.178741
-0.178741
-0.178741
-0.178741
-0.178741
-0.178733
-0.178733
-0.178733
-0.178707
-0.178707
-0.178689
-0.178689
-0.178689
-0.178642
-0.178642
-0.178642
-0.178598
-0.178571
-0.178571
-0.178571
-0.178571
-0.178571
-0.178562
-0.178562
-0.178562
-0.178562
-0.178554
-0.178554
-0.178554
-0.178554
-0.178554
-0.178554
-0.178524
-0.178524
-0.178524
-0.178524
-0.178524
-0.178524
-0.178493
-0.178493
-0.178424
-0.178424
-0.178398
-0.178398
-0.178347
-0.178323
-0.178296
-0.178296
-0.178296
-0.178202
-0.178184
-0.178184
-0.178152
-0.178152
-0.178152
-0.178152
-0.178152
-0.178152
-0.178152
-0.178148
-0.178148
-0.178115
-0.178115
-0.178115
-0.178095
-0.177969
-0.177969
-0.177932
-0.177932
-0.177919
-0.177898
-0.177898
-0.177882
-0.177882
-0.177827
-0.177827
-0.177807
-0.177754
-0.177725
-0.177682
-0.177682
-0.177682
-0.177681
-0.177681
-0.177681
-0.177681
-0.177659
-0.177647
-0.177647
-0.177632
-0.177632
-0.177623
-0.177623
-0.177565
-0.177565
-0.177565
-0.177523
-0.177523
-0.177523
-0.177448
-0.177434
-0.177434
-0.177434
-0.177405
-0.177368
-0.177368
-0.177355
-0.177355
-0.177342
-0.177342
-0.177342
-0.177342
-0.177255
-0.177255
-0.177255
-0.177255
-0.177255
-0.177255
-0.177239
-0.177239
-0.177227
-0.177209
-0.177209
-0.177134
-0.177116
-0.177097
-0.177097
-0.177097
-0.177097
-0.177097
-0.177073
-0.177073
-0.177073
-0.177073
-0.177073
-0.177073
-0.177073
-0.177073
-0.177063
-0.176992
-0.176967
-0.176949
-0.176909
-0.176902
-0.176895
-0.176895
-0.176875
-0.176812
-0.176679
-0.176679
-0.176669
-0.176669
-0.176669
-0.176663
-0.176663
-0.176663
-0.176663
-0.176615
-0.176615
-0.176615
-0.176615
-0.176568
-0.176568
-0.176568
-0.176541
-0.176541
-0.176538
-0.176538
-0.176473
-0.176473
-0.176473
-0.176473
-0.176400
-0.176388
-0.176388
-0.176388
-0.176388
-0.176292
-0.176251
-0.176251
-0.176251
-0.176216
-0.176213
-0.176213
-0.176213
-0.176173
-0.176173
-0.176173
-0.176141
-0.176141
-0.176141
-0.176044
-0.176032
-0.176032
-0.176025
-0.176015
-0.176015
-0.176000
-0.175986
-0.175979
-0.175979
-0.175963
-0.175963
-0.175937
-0.175842
-0.175842
-0.175842
-0.175842
-0.175842
-0.175840
-0.175840
-0.175809
-0.175749
-0.175663
-0.175663
-0.175663
-0.175654
-0.175647
-0.175658
-0.175630
-0.175630
-0.175630
-0.175630
-0.175597
-0.175529
-0.175512
-0.175512
-0.175512
-0.175512
-0.175488
-0.175372
-0.175372
-0.175372
-0.175372
-0.175276
-0.175210
-0.175145
-0.175145
-0.175145
-0.175115
-0.175115
-0.175115
-0.175115
-0.175115
-0.175115
-0.175115
-0.175090
-0.175090
-0.175059
-0.175059
-0.175059
-0.174922
-0.174922
-0.174915
-0.174915
-0.174915
-0.174915
-0.174915
-0.174881
-0.174881
-0.174857
-0.174857
-0.174826
-0.174797
-0.174797
-0.174797
-0.174797
-0.174797
-0.174744
-0.174738
-0.174736
-0.174719
-0.174719
-0.174695
-0.174695
-0.174695
-0.174674
-0.174645
-0.174645
-0.174643
-0.174648
-0.174616
-0.174589
-0.174555
-0.174536
-0.174536
-0.174494
-0.174465
-0.174465
-0.174465
-0.174465
-0.174465
-0.174465
-0.174465
-0.174254
-0.174254
-0.174236
-0.174236
-0.174236
-0.174241
-0.174200
-0.174190
-0.174140
-0.174100
-0.174107
-0.174090
-0.174090
-0.174033
-0.174030
-0.174024
-0.173997
-0.173997
-0.173997
-0.173932
-0.173897
-0.173897
-0.173891
-0.173843
-0.173843
-0.173764
-0.173727
-0.173688
-0.173635
-0.173635
-0.173635
-0.173635
-0.173635
-0.173630
-0.173602
-0.173602
-0.173595
-0.173482
-0.173482
-0.173482
-0.173482
-0.173482
-0.173468
-0.173458
-0.173457
-0.173457
-0.173383
-0.173358
-0.173358
-0.173344
-0.173327
-0.173287
-0.173287
-0.173268
-0.173268
-0.173252
-0.173252
-0.173207
-0.173207
-0.173142
-0.173142
-0.173142
-0.173142
-0.173142
-0.173131
-0.173131
-0.173090
-0.173090
-0.173018
-0.172990
-0.172990
-0.172990
-0.172990
-0.172936
-0.172922
-0.172917
-0.172897
-0.172888
-0.172888
-0.172888
-0.172888
-0.172888
-0.172888
-0.172888
-0.172803
-0.172803
-0.172803
-0.172803
-0.172803
-0.172803
-0.172803
-0.172782
-0.172767
-0.172767
-0.172767
-0.172766
-0.172767
-0.172767
-0.172757
-0.172757
-0.172746
-0.172746
-0.172746
-0.172724
-0.172724
-0.172708
-0.172699
-0.172616
-0.172609
-0.172609
-0.172563
-0.172563
-0.172563
-0.172563
-0.172563
-0.172525
-0.172502
-0.172480
-0.172480
-0.172471
-0.172471
-0.172471
-0.172471
-0.172471
-0.172442
-0.172442
-0.172396
-0.172386
-0.172315
-0.172301
-0.172301
-0.172301
-0.172301
-0.172297
-0.172281
-0.172271
-0.172244
-0.172244
-0.172228
-0.172228
-0.172159
-0.172159
-0.172129
-0.172125
-0.172115
-0.172049
-0.172049
-0.172049
-0.172049
-0.172048
-0.172048
-0.172032
-0.172032
-0.172032
-0.172009
-0.171996
-0.171996
-0.171989
-0.171983
-0.171983
-0.171983
-0.171983
-0.171983
-0.171976
-0.171976
-0.171960
-0.171918
-0.171904
-0.171896
-0.171802
-0.171802
-0.171791
-0.171761
-0.171761
-0.171761
-0.171761
-0.171711
-0.171683
-0.171683
-0.171662
-0.171662
-0.171640
-0.171633
-0.171633
-0.171603
-0.171588
-0.171588
-0.171588
-0.171584
-0.171584
-0.171584
-0.171574
-0.171541
-0.171532
-0.171532
-0.171501
-0.171472
-0.171472
-0.171445
-0.171445
-0.171412
-0.171383
-0.171383
-0.171383
-0.171366
-0.171361
-0.171361
-0.171361
-0.171361
-0.171361
-0.171361
-0.171361
-0.171361
-0.171343
-0.171343
-0.171331
-0.171275
-0.171275
-0.171275
-0.171249
-0.171169
-0.171169
-0.171141
-0.171141
-0.171141
-0.171000
-0.170927
-0.170406
-0.170206
-0.170134
-0.169992
-0.169988
-0.169969
-0.169969
-0.169954
-0.169719
-0.169475
-0.169466
-0.169449
-0.169421
-0.169404
-0.169404
-0.169404
-0.169404
-0.169380
-0.169241
-0.169231
-0.169222
-0.169222
-0.169211
-0.169211
-0.169211
-0.169197
-0.169162
-0.169162
-0.168909
-0.168908
-0.168908
-0.168908
-0.168908
-0.168908
-0.168908
-0.168908
-0.168886
-0.168838
-0.168826
-0.168826
-0.168816
-0.168807
-0.168807
-0.168807
-0.168804
-0.168795
-0.168795
-0.168786
-0.168775
-0.168775
-0.168775
-0.168775
-0.168753
-0.168751
-0.168734
-0.168734
-0.168734
-0.168721
-0.168702
-0.168653
-0.168653
-0.168644
-0.168644
-0.168616
-0.168577
-0.168577
-0.168577
-0.168571
-0.168571
-0.168571
-0.168571
-0.168550
-0.168522
-0.168522
-0.168522
-0.168522
-0.168522
-0.168518
-0.168505
-0.168505
-0.168504
-0.168504
-0.168488
-0.168448
-0.168458
-0.168458
-0.168433
-0.168438
-0.168436
-0.168436
-0.168414
-0.168414
-0.168414
-0.168414
-0.168414
-0.168414
-0.168376
-0.168362
-0.168362
-0.168361
-0.168318
-0.168304
-0.168304
-0.168300
-0.168300
-0.168258
-0.168258
-0.168258
-0.168250
-0.168250
-0.168250
-0.168250
-0.168250
-0.168250
-0.168240
-0.168236
-0.168236
-0.168236
-0.168236
-0.168223
-0.168223
-0.168205
-0.168205
-0.168205
-0.168133
-0.168131
-0.168120
-0.168120
-0.168120
-0.168120
-0.168120
-0.168120
-0.168120
-0.168103
-0.168011
-0.167995
-0.167981
-0.167981
-0.167990
-0.167990
-0.167975
-0.167960
-0.167960
-0.167953
-0.167931
-0.167911
-0.167904
-0.167889
-0.167866
-0.167866
-0.167809
-0.167809
-0.167807
-0.167808
-0.167808
-0.167808
-0.167808
