0.845085
0.845085
0.759121
0.759121
0.759121
0.528262
0.528262
0.481364
0.346896
0.200223
0.187030
0.187030
0.177656
0.118462
0.116557
0.115101
0.091247
0.089953
0.088920
0.088920
0.088412
0.085052
0.075851
0.075541
0.074534
0.073759
0.072729
0.067276
0.067185
0.067185
0.067306
0.067306
0.067306
0.067290
0.067290
0.067290
0.067290
0.067290
0.067290
0.067229
0.067102
0.067102
0.067102
0.067102
0.067102
0.067146
0.067146
0.067146
0.067146
0.067145
0.066819
0.066761
0.066761
0.066761
0.066761
0.066761
0.066716
0.066716
0.066716
0.066716
0.066716
0.066716
0.066716
0.066716
0.066716
0.066542
0.066542
0.066515
0.066515
0.066413
0.066413
0.066407
0.066407
0.066671
0.066671
0.066671
0.066671
0.066671
0.066722
0.066722
0.066722
0.066701
0.066701
0.066701
0.066736
0.066764
0.066935
0.067044
0.067044
0.067044
0.067044
0.067117
0.067145
0.067090
0.067090
0.067090
0.067090
0.067090
0.067147
0.067237
0.067180
0.067180
0.067180
0.067180
0.067180
0.067180
0.067180
0.067180
0.067180
0.067180
0.067180
0.067360
0.067360
0.067803
0.067803
0.067803
0.067814
0.068218
0.068377
0.068377
0.069137
0.069174
0.069499
0.069779
0.070038
0.070352
0.070352
0.070631
0.070631
0.070953
0.070953
0.071058
0.071220
0.071839
0.071839
0.072770
0.072770
0.072770
0.072985
0.073474
0.073529
0.074478
0.074478
0.074478
0.074537
0.074717
0.074717
0.074713
0.074713
0.074713
0.074888
0.075069
0.075079
0.075428
0.075428
0.075567
0.075628
0.075922
0.075925
0.076039
0.076250
0.076357
0.076672
0.076759
0.077191
0.077623
0.077672
0.077672
0.077672
0.077709
0.077709
0.077709
0.077811
0.077811
0.077817
0.077817
0.077817
0.077817
0.077817
0.078034
0.078038
0.078038
0.078038
0.078439
0.078439
0.078439
0.078473
0.078475
0.079734
0.079734
0.079734
0.080218
0.080218
0.080373
0.080475
0.080987
0.081151
0.081376
0.081376
0.081376
0.081376
0.081851
0.081996
0.082242
0.082939
0.082939
0.082939
0.082939
0.082988
0.082988
0.082988
0.082988
0.083481
0.083602
0.083934
0.084015
0.084015
0.084015
0.084015
0.084015
0.084112
0.084550
0.084550
0.084550
0.084970
0.084970
0.084970
0.085179
0.085262
0.085380
0.085486
0.085486
0.085594
0.086250
0.086250
0.086250
0.086250
0.086251
0.086251
0.086251
0.086483
0.086734
0.086801
0.086801
0.086801
0.086801
0.086801
0.086801
0.086801
0.086801
0.086993
0.087245
0.087382
0.087382
0.087382
0.087382
0.087382
0.087382
0.087470
0.087785
0.087785
0.087906
0.087906
0.087970
0.087970
0.087970
0.088262
0.088262
0.088262
0.088262
0.088262
0.088262
0.088259
0.088259
0.088350
0.088350
0.088471
0.088449
0.088449
0.088449
0.088915
0.089506
0.089530
0.090138
0.090138
0.090138
0.090138
0.090138
0.090187
0.090187
0.090178
0.090178
0.090178
0.090164
0.090274
0.090571
0.090735
0.090735
0.090735
0.090775
0.090775
0.090775
0.090760
0.090749
0.090749
0.090749
0.091028
0.091190
0.091190
0.091190
0.091190
0.091190
0.091190
0.091190
0.091190
0.091201
0.091201
0.091201
0.091365
0.091365
0.091357
0.091349
0.091340
0.091352
0.091352
0.091352
0.091352
0.091443
0.091443
0.091812
0.091922
0.091922
0.091922
0.092043
0.092144
0.092144
0.092144
0.092144
0.092518
0.092715
0.092715
0.092715
0.092771
0.092849
0.093048
0.093048
0.093048
0.093048
0.093226
0.093218
0.093218
0.093255
0.093255
0.093255
0.093255
0.093291
0.093375
0.093401
0.093401
0.093401
0.093401
0.093510
0.093510
0.093818
0.093818
0.093818
0.093818
0.093818
0.093978
0.094083
0.094083
0.094188
0.094188
0.094188
0.094188
0.094215
0.094292
0.094292
0.094537
0.094530
0.094530
0.094530
0.094836
0.095165
0.095165
0.095165
0.095165
0.095227
0.095995
0.095995
0.095995
0.095995
0.096190
0.096340
0.096798
0.097126
0.097331
0.097719
0.097832
0.097832
0.097833
0.097833
0.097833
0.097833
0.097833
0.097833
0.097833
0.097833
0.097833
0.097833
0.098227
0.098327
0.098327
0.098341
0.098341
0.098402
0.098402
0.098450
0.098450
0.098472
0.098472
0.098561
0.098561
0.098733
0.098733
0.098733
0.098733
0.098733
0.098733
0.098733
0.098733
0.108232
0.108343
0.108343
0.108343
0.108343
0.108357
0.108384
0.108429
0.108404
0.108404
0.108404
0.108404
0.108404
0.108444
0.108444
0.108444
0.108444
0.108521
0.108521
0.108565
0.108565
0.108547
0.108547
0.108547
0.108547
0.108590
0.108822
0.108857
0.108857
0.108857
0.108934
0.109090
0.109090
0.109131
0.109136
0.109136
0.109136
0.109136
0.109136
0.109136
0.109136
0.109136
0.109263
0.109263
0.109263
0.109263
0.109263
0.109317
0.109317
0.109399
0.109409
0.109409
0.109439
0.109439
0.109439
0.109439
0.109511
0.109782
0.109782
0.109777
0.109822
0.109822
0.109822
0.109822
0.109822
0.109822
0.109822
0.109855
0.109915
0.109915
0.109915
0.110013
0.110013
0.110024
0.110102
0.110102
0.110102
0.110117
0.110131
0.110131
0.110131
0.110361
0.110361
0.110361
0.110361
0.110361
0.110361
0.110361
0.110347
0.110347
0.110347
0.110554
0.110596
0.110596
0.110596
0.110572
0.110572
0.110572
0.110572
0.110572
0.110572
0.110572
0.110672
0.110685
0.110685
0.110778
0.110778
0.110778
0.110822
0.110822
0.110904
0.110912
0.110912
0.110912
0.110862
0.111006
0.111006
0.111341
0.111341
0.111341
0.111341
0.111341
0.111341
0.111341
0.111428
0.111428
0.111403
0.111417
0.111426
0.111426
0.111457
0.111583
0.111583
0.111590
0.111590
0.111590
0.111581
0.111596
0.111596
0.111571
0.111646
0.111646
0.111647
0.111647
0.111647
0.111669
0.111662
0.111662
0.111708
0.111727
0.111727
0.111727
0.111727
0.111727
0.111849
0.111849
0.111849
0.111849
0.111915
0.111915
0.112051
0.112051
0.112051
0.112051
0.112137
0.112258
0.112258
0.112313
0.112313
0.112302
0.112291
0.112291
0.112291
0.112291
0.112371
0.112409
0.112409
0.112409
0.112409
0.112517
0.112517
0.112733
0.113030
0.113052
0.113052
0.113052
0.113052
0.113052
0.113052
0.113052
0.113052
0.113052
0.113052
0.113052
0.113052
0.113052
0.113088
0.113086
0.113086
0.113086
0.113086
0.113810
0.113810
0.113810
0.113810
0.113800
0.113887
0.113971
0.114156
0.114156
0.114156
0.114182
0.114182
0.114182
0.114360
0.114360
0.114463
0.114487
0.114487
0.114662
0.114662
0.114662
0.114676
0.114707
0.114707
0.114697
0.114777
0.114792
0.114792
0.114792
0.114792
0.114792
0.114792
0.114792
0.114792
0.114786
0.114786
0.115117
0.115213
0.115210
0.115210
0.115334
0.115352
0.115428
0.115469
0.115469
0.115469
0.115469
0.115469
0.115469
0.115469
0.115513
0.115530
0.115670
0.115670
0.115765
0.115785
0.115785
0.115785
0.115785
0.115785
0.115785
0.115836
0.115854
0.115854
0.115854
0.116360
0.116434
0.116466
0.116466
0.116585
0.116638
0.116716
0.116716
0.117034
0.117034
0.117034
0.117034
0.117211
0.117211
0.117463
0.117462
0.117462
0.117462
0.117498
0.117498
0.117503
0.117503
0.117584
0.117584
0.117584
0.117584
0.117658
0.117658
0.117658
0.117646
0.117739
0.117789
0.117776
0.117776
0.117776
0.117882
0.117889
0.117889
0.117889
0.117999
0.117999
0.117999
0.117999
0.117984
0.118004
0.118004
0.118031
0.118031
0.118054
0.118054
0.118041
0.118041
0.118041
0.118041
0.118041
0.118137
0.118137
0.118137
0.118204
0.118204
0.118204
0.118204
0.118204
0.118217
0.118219
0.120126
0.120189
0.120189
0.120189
0.120189
0.120195
0.120279
0.120279
0.120355
0.120355
0.120475
0.120475
0.120475
0.120481
0.120481
0.120481
0.120481
0.120481
0.120481
0.120471
0.120471
0.120471
0.120649
0.120649
0.120649
0.120658
0.120658
0.120658
0.120658
0.120734
0.120734
0.120768
0.120768
0.120814
0.120814
0.120814
0.120814
0.120814
0.120934
0.120934
0.120934
0.120991
0.121000
0.121000
0.121133
0.121133
0.121133
0.121133
0.121249
0.121249
0.121255
0.121255
0.121255
0.121255
0.121255
0.121255
0.121255
0.121255
0.121255
0.121255
0.121255
0.121360
0.121360
0.121360
0.121360
0.121412
0.121412
0.121412
0.121520
0.121520
0.121537
0.121537
0.121537
0.121537
0.121582
0.121582
0.121582
0.121620
0.121620
0.121639
0.121675
0.121675
0.121675
0.122227
0.122426
0.122998
0.123094
0.123094
0.123094
0.123098
0.123098
0.123098
0.123098
0.123098
0.123116
0.123116
0.123116
0.123089
0.123141
0.123141
0.123169
0.123230
0.123215
0.123242
0.123242
0.123242
0.123246
0.123246
0.123246
0.123288
0.123296
0.123336
0.123374
0.123374
0.123374
0.123374
0.123429
0.123429
0.123487
0.123487
0.123487
0.123740
0.123740
0.124022
0.124215
0.128396
0.128396
0.128396
0.128396
0.128396
0.128396
0.128396
0.128396
0.128475
0.128472
0.128472
0.128472
0.128472
0.128472
0.128472
0.128472
0.128472
0.128472
0.128472
0.128472
0.128472
0.128658
0.128658
0.128658
0.128658
0.128658
0.128658
0.128658
0.128658
0.128685
0.128723
0.128723
0.128755
0.128755
0.128786
0.128858
0.128858
0.128858
0.128858
0.129084
0.129160
0.129160
0.129191
0.129191
0.129191
0.129191
0.129191
0.129191
0.129226
0.129226
0.129224
0.129224
0.129224
0.129224
0.129224
0.129224
0.129244
0.129244
0.129244
0.129306
0.129306
0.129310
0.129548
0.129536
0.129532
0.129532
0.129532
0.129510
0.129510
0.129510
0.129510
0.129571
0.129571
0.129669
0.129669
0.129669
0.129669
0.129669
0.129805
0.129805
0.129805
0.129805
0.129950
0.129950
0.129950
0.129975
0.129975
0.130043
0.130043
0.130043
0.130105
0.130124
0.130124
0.130185
0.130204
0.130346
0.130346
0.130404
0.130404
0.130404
0.130404
0.130404
0.130404
0.130404
0.130557
0.130557
0.130557
0.130626
0.130626
0.130626
0.130626
0.130626
0.130626
0.130626
0.130626
0.130626
0.130626
0.130722
0.130722
0.130845
0.130845
0.130845
0.131162
0.131162
0.131162
0.131162
0.131162
0.131162
0.131162
0.131162
0.131162
0.131162
0.131161
0.131161
0.131161
0.131163
0.131163
0.131321
0.131526
0.131526
0.131591
0.131637
0.131637
0.131637
0.131637
0.131637
0.131667
0.131670
0.131670
0.131670
0.131670
0.131670
0.132151
0.132151
0.132597
0.132597
0.132597
0.132597
0.132597
0.132636
0.132636
0.132690
0.132737
0.132737
0.132800
0.132800
0.132800
0.132800
0.132800
0.132910
0.132913
0.132913
0.132935
0.132935
0.132972
0.132961
0.132961
0.132981
0.132981
0.133070
0.133070
0.133083
0.133097
0.133097
0.133129
0.133129
0.133129
0.133129
0.133171
0.133261
0.133445
0.133445
0.133445
0.133445
0.133445
0.133445
0.133445
0.133530
0.133530
0.135122
0.135122
0.135346
0.135346
0.135346
0.135442
0.135489
0.135489
0.135484
0.135535
0.135769
0.135769
0.135862
0.135923
0.135975
0.135963
0.135963
0.135998
0.135998
0.136162
0.136162
0.136162
0.136162
0.136162
0.136162
0.136162
0.136204
0.136204
0.136204
0.136380
0.136380
0.136380
0.136380
0.136380
0.136422
0.136422
0.136422
0.136560
0.136610
0.136610
0.136610
0.136610
0.136610
0.136623
0.136623
0.136623
0.136623
0.136651
0.136651
0.136651
0.136651
0.136651
0.136651
0.136756
0.136756
0.136756
0.136756
0.136756
0.136756
0.136876
0.136876
0.137016
0.137016
0.137045
0.137045
0.137096
0.137118
0.137281
0.137281
0.137281
0.137449
0.137507
0.137507
0.137593
0.137593
0.137593
0.137593
0.137593
0.137593
0.137593
0.137596
0.137596
0.137626
0.137626
0.137626
0.137652
0.137922
0.137922
0.138052
0.138052
0.138068
0.138168
0.138168
0.138197
0.138197
0.138463
0.138463
0.138539
0.138667
0.138865
0.138959
0.138959
0.138959
0.138992
0.139046
0.139046
0.139046
0.139066
0.139119
0.139119
0.139175
0.139175
0.139232
0.139232
0.139281
0.139281
0.139281
0.139308
0.139308
0.139308
0.139498
0.139538
0.139538
0.139538
0.139609
0.139662
0.139662
0.139741
0.139741
0.139755
0.139755
0.139755
0.139755
0.139961
0.139961
0.139961
0.139961
0.139961
0.139961
0.139992
0.139992
0.140006
0.140026
0.140026
0.140183
0.140233
0.140234
0.140234
0.140234
0.140234
0.140234
0.140350
0.140350
0.140350
0.140350
0.140350
0.140350
0.140350
0.140350
0.140376
0.140546
0.140623
0.140709
0.140823
0.140866
0.140857
0.140857
0.140898
0.141012
0.141444
0.141444
0.141474
0.141474
0.141474
0.141476
0.141476
0.141476
0.141476
0.141602
0.141602
0.141602
0.141602
0.141755
0.141755
0.141755
0.141901
0.141901
0.141892
0.141892
0.142152
0.142152
0.142152
0.142152
0.142365
0.142369
0.142369
0.142369
0.142369
0.142486
0.142553
0.142553
0.142553
0.142701
0.142752
0.142752
0.142752
0.142860
0.142860
0.142860
0.143034
0.143034
0.143034
0.143275
0.143383
0.143383
0.143388
0.143384
0.143384
0.143471
0.143524
0.143544
0.143544
0.143567
0.143567
0.143683
0.143915
0.143915
0.143915
0.143915
0.143915
0.143939
0.143939
0.143978
0.144079
0.144336
0.144336
0.144336
0.144373
0.144386
0.144433
0.144496
0.144496
0.144496
0.144496
0.144527
0.144623
0.144633
0.144633
0.144633
0.144633
0.144649
0.144877
0.144877
0.144877
0.144877
0.145087
0.145164
0.145318
0.145318
0.145318
0.145458
0.145458
0.145458
0.145458
0.145458
0.145458
0.145458
0.145569
0.145569
0.145587
0.145587
0.145587
0.145853
0.145853
0.145894
0.145894
0.145894
0.145894
0.145894
0.146020
0.146020
0.146102
0.146102
0.146226
0.146266
0.146266
0.146266
0.146266
0.146266
0.146384
0.146410
0.146423
0.146468
0.146468
0.146538
0.146538
0.146538
0.146596
0.146626
0.146626
0.146609
0.146769
0.146962
0.146996
0.147089
0.147104
0.147104
0.147176
0.147331
0.147331
0.147331
0.147331
0.147331
0.147331
0.147331
0.148045
0.148045
0.148287
0.148287
0.148287
0.148361
0.148429
0.148477
0.148786
0.148919
0.148936
0.148948
0.148948
0.149080
0.149120
0.149129
0.149285
0.149285
0.149285
0.149490
0.149535
0.149535
0.149577
0.149696
0.149696
0.150008
0.150154
0.150206
0.150273
0.150273
0.150273
0.150273
0.150273
0.150306
0.150403
0.150403
0.150390
0.150751
0.150751
0.150751
0.150751
0.150751
0.150745
0.150755
0.150777
0.150777
0.150987
0.151018
0.151018
0.151088
0.151146
0.151301
0.151301
0.151327
0.151327
0.151496
0.151496
0.151749
0.151749
0.151940
0.151940
0.151940
0.151940
0.151940
0.151932
0.151932
0.152076
0.152076
0.152203
0.152237
0.152237
0.152237
0.152237
0.152425
0.152505
0.152528
0.152647
0.152674
0.152674
0.152674
0.152674
0.152674
0.152674
0.152674
0.152827
0.152827
0.152827
0.152827
0.152827
0.152827
0.152827
0.152842
0.152835
0.152835
0.152835
0.152843
0.152865
0.152865
0.152877
0.152877
0.152903
0.152903
0.152903
0.153010
0.153010
0.153114
0.153171
0.153424
0.153476
0.153476
0.153626
0.153626
0.153626
0.153626
0.153626
0.153723
0.153891
0.153874
0.153874
0.153921
0.153921
0.153921
0.153921
0.153921
0.153959
0.153959
0.154217
0.154193
0.154517
0.154577
0.154577
0.154577
0.154577
0.154617
0.154736
0.154721
0.154753
0.154753
0.154749
0.154749
0.154940
0.154940
0.155094
0.155080
0.155098
0.155360
0.155360
0.155360
0.155360
0.155395
0.155395
0.155461
0.155461
0.155461
0.155532
0.155534
0.155534
0.155585
0.155600
0.155600
0.155600
0.155600
0.155600
0.155669
0.155669
0.155726
0.155806
0.155812
0.155898
0.156141
0.156141
0.156205
0.156326
0.156326
0.156326
0.156326
0.156559
0.156625
0.156625
0.156743
0.156743
0.156855
0.156955
0.156955
0.157111
0.157157
0.157157
0.157157
0.157170
0.157170
0.157170
0.157191
0.157252
0.157269
0.157269
0.157332
0.157362
0.157362
0.157410
0.157410
0.157452
0.157496
0.157496
0.157496
0.157551
0.157607
0.157607
0.157607
0.157607
0.157607
0.157607
0.157607
0.157607
0.157603
0.157603
0.157610
0.157712
0.157712
0.157712
0.157815
0.157898
0.157898
0.157947
0.157947
0.157947
0.158349
0.158633
0.159912
0.160542
0.160696
0.161001
0.160998
0.161059
0.161059
0.161064
0.161813
0.162523
0.162516
0.162580
0.162605
0.162673
0.162673
0.162673
0.162673
0.162856
0.163493
0.163534
0.163618
0.163618
0.163644
0.163644
0.163644
0.163708
0.163792
0.163792
0.164777
0.164946
0.164946
0.164946
0.164946
0.164946
0.164946
0.164946
0.165061
0.165161
0.165180
0.165180
0.165237
0.165282
0.165282
0.165282
0.165308
0.165355
0.165355
0.165380
0.165542
0.165542
0.165542
0.165542
0.165675
0.165713
0.165758
0.165758
0.165758
0.165779
0.165812
0.165952
0.165952
0.165969
0.165969
0.166018
0.166173
0.166173
0.166173
0.166189
0.166189
0.166189
0.166189
0.166269
0.166548
0.166548
0.166548
0.166548
0.166548
0.166543
0.166594
0.166594
0.166591
0.166591
0.166635
0.166678
0.166698
0.166698
0.166724
0.166771
0.166766
0.166766
0.166837
0.166837
0.166837
0.166837
0.166837
0.166837
0.166930
0.166945
0.166945
0.166949
0.167118
0.167275
0.167275
0.167332
0.167332
0.167497
0.167497
0.167497
0.167509
0.167509
0.167509
0.167509
0.167509
0.167504
0.167542
0.167576
0.167576
0.167576
0.167576
0.167632
0.167632
0.167621
0.167621
0.167621
0.167820
0.167816
0.167828
0.167828
0.167861
0.167861
0.167861
0.167861
0.167861
0.167908
0.168236
0.168304
0.168306
0.168306
0.168308
0.168308
0.168371
0.168418
0.168418
0.168417
0.168451
0.168506
0.168579
0.168615
0.168674
0.168674
0.168936
0.168936
0.168937
0.168963
0.168963
0.168963
0.168963
