0.015145
0.015145
0.013252
0.013252
0.013252
0.006236
0.006236
0.005301
0.003118
0.001611
0.001468
0.001468
0.001364
0.000905
0.000883
0.000867
0.000590
0.000576
0.000565
0.000565
0.000554
0.000516
0.000415
0.000412
0.000403
0.000392
0.000381
0.000349
0.000347
0.000347
0.000346
0.000346
0.000346
0.000345
0.000345
0.000345
0.000345
0.000345
0.000345
0.000344
0.000339
0.000339
0.000339
0.000339
0.000339
0.000337
0.000337
0.000337
0.000337
0.000329
0.000320
0.000316
0.000316
0.000316
0.000316
0.000316
0.000315
0.000315
0.000315
0.000315
0.000315
0.000315
0.000315
0.000315
0.000315
0.000312
0.000312
0.000311
0.000311
0.000309
0.000309
0.000308
0.000308
0.000312
0.000312
0.000312
0.000312
0.000312
0.000309
0.000309
0.000309
0.000318
0.000318
0.000318
0.000317
0.000358
0.000352
0.000355
0.000355
0.000355
0.000355
0.000352
0.000351
0.000349
0.000349
0.000349
0.000349
0.000349
0.000348
0.000348
0.000345
0.000345
0.000345
0.000345
0.000345
0.000345
0.000345
0.000345
0.000345
0.000345
0.000345
0.000345
0.000345
0.000341
0.000341
0.000341
0.000340
0.000339
0.000338
0.000338
0.000335
0.000334
0.000332
0.000329
0.000379
0.000378
0.000378
0.000376
0.000376
0.000373
0.000373
0.000371
0.000371
0.000367
0.000367
0.000357
0.000357
0.000357
0.000355
0.000352
0.000351
0.000341
0.000341
0.000341
0.000340
0.000338
0.000338
0.000337
0.000337
0.000337
0.000335
0.000334
0.000333
0.000329
0.000329
0.000328
0.000327
0.000325
0.000323
0.000321
0.000318
0.000316
0.000315
0.000313
0.000311
0.000308
0.000308
0.000308
0.000308
0.000306
0.000306
0.000306
0.000304
0.000304
0.000303
0.000303
0.000303
0.000303
0.000303
0.000301
0.000300
0.000300
0.000300
0.000296
0.000296
0.000296
0.000296
0.000295
0.000288
0.000288
0.000288
0.000286
0.000286
0.000285
0.000284
0.000281
0.000281
0.000279
0.000279
0.000279
0.000279
0.000278
0.000277
0.000275
0.000269
0.000269
0.000269
0.000269
0.000269
0.000269
0.000269
0.000269
0.000265
0.000265
0.000264
0.000263
0.000263
0.000263
0.000263
0.000263
0.000263
0.000260
0.000260
0.000260
0.000259
0.000259
0.000259
0.000258
0.000258
0.000257
0.000257
0.000257
0.000256
0.000250
0.000250
0.000250
0.000250
0.000250
0.000250
0.000250
0.000248
0.000246
0.000245
0.000245
0.000245
0.000245
0.000245
0.000245
0.000245
0.000245
0.000245
0.000244
0.000243
0.000243
0.000243
0.000243
0.000243
0.000243
0.000243
0.000241
0.000241
0.000241
0.000241
0.000240
0.000240
0.000240
0.000235
0.000235
0.000235
0.000235
0.000235
0.000235
0.000235
0.000235
0.000234
0.000234
0.000233
0.000233
0.000233
0.000233
0.000229
0.000228
0.000228
0.000227
0.000227
0.000227
0.000227
0.000227
0.000226
0.000226
0.000226
0.000226
0.000226
0.000226
0.000225
0.000225
0.000224
0.000224
0.000224
0.000224
0.000224
0.000224
0.000224
0.000224
0.000224
0.000224
0.000223
0.000223
0.000223
0.000223
0.000223
0.000223
0.000223
0.000223
0.000223
0.000222
0.000222
0.000222
0.000221
0.000221
0.000221
0.000221
0.000220
0.000220
0.000220
0.000220
0.000220
0.000220
0.000220
0.000219
0.000218
0.000218
0.000218
0.000217
0.000216
0.000216
0.000216
0.000216
0.000214
0.000213
0.000213
0.000213
0.000212
0.000212
0.000211
0.000211
0.000211
0.000211
0.000211
0.000211
0.000211
0.000211
0.000211
0.000211
0.000211
0.000211
0.000210
0.000210
0.000210
0.000210
0.000210
0.000209
0.000209
0.000208
0.000208
0.000208
0.000208
0.000208
0.000208
0.000207
0.000207
0.000207
0.000207
0.000207
0.000207
0.000206
0.000206
0.000206
0.000205
0.000205
0.000205
0.000205
0.000204
0.000203
0.000203
0.000203
0.000203
0.000203
0.000201
0.000201
0.000201
0.000201
0.000201
0.000200
0.000200
0.000199
0.000198
0.000197
0.000196
0.000196
0.000196
0.000196
0.000196
0.000196
0.000196
0.000196
0.000196
0.000196
0.000196
0.000196
0.000196
0.000195
0.000195
0.000195
0.000195
0.000195
0.000195
0.000194
0.000194
0.000194
0.000194
0.000194
0.000194
0.000193
0.000193
0.000193
0.000193
0.000193
0.000193
0.000193
0.000193
0.000138
0.000138
0.000138
0.000138
0.000138
0.000137
0.000137
0.000137
0.000137
0.000137
0.000137
0.000137
0.000137
0.000137
0.000137
0.000137
0.000137
0.000137
0.000137
0.000136
0.000136
0.000136
0.000136
0.000136
0.000136
0.000136
0.000136
0.000136
0.000136
0.000136
0.000136
0.000135
0.000135
0.000135
0.000135
0.000135
0.000135
0.000135
0.000134
0.000134
0.000134
0.000134
0.000134
0.000134
0.000134
0.000134
0.000134
0.000134
0.000134
0.000134
0.000133
0.000133
0.000133
0.000133
0.000133
0.000133
0.000133
0.000132
0.000132
0.000132
0.000132
0.000132
0.000132
0.000132
0.000132
0.000132
0.000132
0.000132
0.000132
0.000132
0.000132
0.000131
0.000131
0.000131
0.000131
0.000131
0.000131
0.000131
0.000131
0.000131
0.000131
0.000130
0.000130
0.000130
0.000130
0.000130
0.000130
0.000130
0.000130
0.000130
0.000130
0.000130
0.000129
0.000129
0.000129
0.000129
0.000129
0.000129
0.000129
0.000129
0.000129
0.000129
0.000129
0.000129
0.000129
0.000129
0.000129
0.000129
0.000129
0.000129
0.000128
0.000128
0.000128
0.000128
0.000128
0.000128
0.000128
0.000127
0.000127
0.000127
0.000127
0.000127
0.000127
0.000127
0.000127
0.000127
0.000126
0.000126
0.000126
0.000126
0.000126
0.000126
0.000126
0.000126
0.000126
0.000126
0.000125
0.000125
0.000125
0.000125
0.000125
0.000125
0.000125
0.000125
0.000125
0.000125
0.000125
0.000125
0.000124
0.000124
0.000124
0.000124
0.000124
0.000124
0.000124
0.000124
0.000124
0.000124
0.000124
0.000124
0.000123
0.000123
0.000123
0.000123
0.000123
0.000123
0.000123
0.000123
0.000123
0.000123
0.000122
0.000122
0.000122
0.000122
0.000122
0.000122
0.000122
0.000122
0.000122
0.000122
0.000122
0.000122
0.000121
0.000121
0.000121
0.000121
0.000121
0.000121
0.000121
0.000121
0.000121
0.000121
0.000121
0.000121
0.000121
0.000121
0.000121
0.000121
0.000121
0.000121
0.000121
0.000119
0.000119
0.000119
0.000119
0.000118
0.000118
0.000118
0.000117
0.000117
0.000117
0.000117
0.000117
0.000117
0.000117
0.000117
0.000117
0.000116
0.000116
0.000116
0.000116
0.000116
0.000116
0.000116
0.000116
0.000116
0.000115
0.000115
0.000115
0.000115
0.000115
0.000115
0.000115
0.000115
0.000115
0.000115
0.000115
0.000115
0.000115
0.000115
0.000115
0.000114
0.000114
0.000114
0.000114
0.000114
0.000114
0.000114
0.000114
0.000114
0.000114
0.000114
0.000114
0.000114
0.000114
0.000114
0.000114
0.000114
0.000114
0.000114
0.000114
0.000114
0.000114
0.000113
0.000113
0.000113
0.000113
0.000112
0.000112
0.000112
0.000112
0.000112
0.000112
0.000112
0.000111
0.000111
0.000111
0.000111
0.000111
0.000111
0.000110
0.000110
0.000110
0.000110
0.000110
0.000110
0.000110
0.000110
0.000110
0.000110
0.000110
0.000110
0.000110
0.000110
0.000110
0.000110
0.000109
0.000109
0.000109
0.000109
0.000109
0.000109
0.000109
0.000109
0.000109
0.000109
0.000109
0.000109
0.000109
0.000109
0.000108
0.000108
0.000108
0.000108
0.000108
0.000108
0.000108
0.000108
0.000108
0.000108
0.000108
0.000108
0.000108
0.000108
0.000108
0.000108
0.000108
0.000108
0.000108
0.000107
0.000107
0.000104
0.000104
0.000104
0.000104
0.000104
0.000104
0.000104
0.000104
0.000103
0.000103
0.000103
0.000103
0.000103
0.000103
0.000103
0.000103
0.000103
0.000103
0.000103
0.000103
0.000103
0.000103
0.000103
0.000103
0.000103
0.000103
0.000103
0.000103
0.000103
0.000103
0.000103
0.000103
0.000103
0.000103
0.000103
0.000103
0.000103
0.000103
0.000102
0.000102
0.000102
0.000102
0.000102
0.000102
0.000102
0.000102
0.000102
0.000102
0.000102
0.000102
0.000102
0.000102
0.000102
0.000102
0.000102
0.000102
0.000102
0.000102
0.000102
0.000102
0.000102
0.000102
0.000102
0.000102
0.000102
0.000102
0.000102
0.000102
0.000102
0.000102
0.000102
0.000102
0.000102
0.000102
0.000102
0.000102
0.000102
0.000101
0.000101
0.000101
0.000101
0.000101
0.000101
0.000101
0.000101
0.000100
0.000100
0.000100
0.000100
0.000100
0.000100
0.000100
0.000100
0.000100
0.000100
0.000100
0.000100
0.000100
0.000100
0.000100
0.000100
0.000099
0.000099
0.000099
0.000099
0.000099
0.000099
0.000099
0.000099
0.000099
0.000099
0.000099
0.000099
0.000099
0.000099
0.000099
0.000099
0.000099
0.000099
0.000099
0.000099
0.000098
0.000098
0.000098
0.000098
0.000091
0.000091
0.000091
0.000091
0.000091
0.000091
0.000091
0.000091
0.000091
0.000091
0.000091
0.000091
0.000091
0.000091
0.000091
0.000091
0.000091
0.000091
0.000091
0.000091
0.000091
0.000091
0.000091
0.000091
0.000091
0.000091
0.000091
0.000091
0.000091
0.000091
0.000091
0.000091
0.000091
0.000091
0.000091
0.000091
0.000091
0.000091
0.000091
0.000090
0.000090
0.000090
0.000090
0.000090
0.000090
0.000090
0.000090
0.000090
0.000090
0.000090
0.000090
0.000090
0.000090
0.000090
0.000090
0.000090
0.000090
0.000090
0.000090
0.000090
0.000090
0.000090
0.000090
0.000090
0.000090
0.000090
0.000090
0.000090
0.000090
0.000090
0.000090
0.000090
0.000090
0.000089
0.000089
0.000089
0.000089
0.000089
0.000089
0.000089
0.000089
0.000089
0.000089
0.000089
0.000089
0.000089
0.000089
0.000089
0.000089
0.000089
0.000089
0.000089
0.000089
0.000089
0.000089
0.000089
0.000089
0.000089
0.000089
0.000089
0.000089
0.000089
0.000089
0.000089
0.000088
0.000088
0.000088
0.000088
0.000088
0.000088
0.000088
0.000088
0.000088
0.000088
0.000088
0.000088
0.000088
0.000088
0.000088
0.000088
0.000088
0.000088
0.000088
0.000088
0.000088
0.000088
0.000088
0.000088
0.000088
0.000088
0.000088
0.000088
0.000088
0.000088
0.000088
0.000088
0.000088
0.000088
0.000087
0.000087
0.000087
0.000087
0.000087
0.000087
0.000087
0.000087
0.000087
0.000087
0.000087
0.000087
0.000087
0.000087
0.000087
0.000087
0.000086
0.000086
0.000086
0.000086
0.000086
0.000086
0.000086
0.000086
0.000086
0.000086
0.000086
0.000086
0.000086
0.000086
0.000086
0.000086
0.000086
0.000086
0.000086
0.000086
0.000086
0.000086
0.000086
0.000086
0.000086
0.000086
0.000086
0.000086
0.000086
0.000086
0.000086
0.000086
0.000086
0.000086
0.000085
0.000085
0.000085
0.000085
0.000085
0.000085
0.000085
0.000085
0.000085
0.000085
0.000085
0.000084
0.000084
0.000084
0.000084
0.000084
0.000083
0.000083
0.000083
0.000083
0.000083
0.000083
0.000083
0.000083
0.000083
0.000083
0.000083
0.000083
0.000083
0.000083
0.000082
0.000082
0.000082
0.000082
0.000082
0.000082
0.000082
0.000082
0.000082
0.000082
0.000082
0.000082
0.000082
0.000082
0.000082
0.000082
0.000082
0.000082
0.000082
0.000082
0.000082
0.000082
0.000082
0.000082
0.000082
0.000082
0.000082
0.000082
0.000082
0.000082
0.000082
0.000082
0.000082
0.000082
0.000082
0.000082
0.000082
0.000082
0.000082
0.000082
0.000082
0.000082
0.000082
0.000082
0.000081
0.000081
0.000081
0.000081
0.000081
0.000081
0.000081
0.000081
0.000081
0.000081
0.000081
0.000081
0.000081
0.000081
0.000081
0.000081
0.000081
0.000081
0.000081
0.000080
0.000080
0.000080
0.000080
0.000080
0.000080
0.000080
0.000080
0.000080
0.000080
0.000080
0.000080
0.000080
0.000080
0.000080
0.000080
0.000079
0.000079
0.000079
0.000079
0.000079
0.000079
0.000079
0.000079
0.000079
0.000079
0.000079
0.000079
0.000079
0.000079
0.000079
0.000079
0.000079
0.000079
0.000079
0.000079
0.000079
0.000079
0.000078
0.000078
0.000078
0.000078
0.000078
0.000078
0.000078
0.000078
0.000078
0.000078
0.000078
0.000078
0.000078
0.000078
0.000078
0.000078
0.000078
0.000078
0.000078
0.000078
0.000078
0.000078
0.000078
0.000078
0.000078
0.000078
0.000078
0.000078
0.000078
0.000078
0.000078
0.000078
0.000078
0.000078
0.000078
0.000078
0.000078
0.000078
0.000078
0.000078
0.000077
0.000077
0.000083
0.000083
0.000083
0.000083
0.000083
0.000083
0.000082
0.000082
0.000082
0.000082
0.000082
0.000082
0.000082
0.000082
0.000082
0.000082
0.000082
0.000082
0.000082
0.000082
0.000082
0.000082
0.000082
0.000081
0.000081
0.000081
0.000081
0.000081
0.000081
0.000081
0.000081
0.000081
0.000081
0.000081
0.000081
0.000081
0.000081
0.000081
0.000081
0.000081
0.000081
0.000081
0.000081
0.000081
0.000080
0.000080
0.000080
0.000080
0.000080
0.000080
0.000080
0.000080
0.000080
0.000080
0.000080
0.000080
0.000080
0.000080
0.000080
0.000080
0.000080
0.000080
0.000080
0.000079
0.000079
0.000079
0.000079
0.000079
0.000079
0.000079
0.000079
0.000079
0.000079
0.000079
0.000079
0.000079
0.000079
0.000079
0.000079
0.000079
0.000079
0.000079
0.000079
0.000078
0.000078
0.000078
0.000078
0.000078
0.000078
0.000082
0.000082
0.000082
0.000082
0.000082
0.000082
0.000082
0.000082
0.000082
0.000082
0.000082
0.000082
0.000082
0.000082
0.000082
0.000082
0.000082
0.000082
0.000082
0.000082
0.000082
0.000081
0.000081
0.000081
0.000081
0.000081
0.000081
0.000081
0.000081
0.000081
0.000081
0.000081
0.000081
0.000081
0.000081
0.000081
0.000081
0.000081
0.000081
0.000081
0.000081
0.000081
0.000081
0.000081
0.000081
0.000081
0.000081
0.000080
0.000080
0.000080
0.000080
0.000080
0.000080
0.000080
0.000080
0.000080
0.000080
0.000080
0.000080
0.000080
0.000080
0.000080
0.000080
0.000080
0.000079
0.000079
0.000079
0.000079
0.000079
0.000079
0.000079
0.000079
0.000079
0.000078
0.000078
0.000078
0.000078
0.000078
0.000078
0.000078
0.000078
0.000078
0.000078
0.000078
0.000078
0.000078
0.000078
0.000078
0.000078
0.000077
0.000077
0.000077
0.000077
0.000077
0.000077
0.000077
0.000077
0.000077
0.000077
0.000077
0.000077
0.000077
0.000077
0.000077
0.000077
0.000077
0.000077
0.000076
0.000076
0.000076
0.000076
0.000076
0.000076
0.000076
0.000076
0.000076
0.000076
0.000076
0.000076
0.000076
0.000076
0.000076
0.000076
0.000076
0.000076
0.000076
0.000076
0.000076
0.000075
0.000075
0.000075
0.000075
0.000075
0.000075
0.000075
0.000075
0.000075
0.000075
0.000075
0.000075
0.000075
0.000075
0.000075
0.000075
0.000075
0.000075
0.000075
0.000075
0.000075
0.000075
0.000075
0.000075
0.000075
0.000075
0.000075
0.000075
0.000075
0.000075
0.000075
0.000075
0.000075
0.000075
0.000075
0.000075
0.000075
0.000075
0.000075
0.000074
0.000074
0.000074
0.000074
0.000074
0.000074
0.000074
0.000074
0.000074
0.000074
0.000074
0.000074
0.000074
0.000074
0.000074
0.000074
0.000074
0.000074
0.000074
0.000074
0.000074
0.000074
0.000074
0.000073
0.000073
0.000073
0.000073
0.000073
0.000073
0.000073
0.000073
0.000073
0.000073
0.000073
0.000073
0.000073
0.000073
0.000073
0.000073
0.000073
0.000073
0.000073
0.000072
0.000072
0.000072
0.000072
0.000072
0.000072
0.000072
0.000072
0.000072
0.000072
0.000072
0.000072
0.000072
0.000072
0.000072
0.000072
0.000072
0.000072
0.000072
0.000072
0.000072
0.000072
0.000072
0.000072
0.000072
0.000072
0.000072
0.000072
0.000072
0.000072
0.000072
0.000071
0.000071
0.000071
0.000071
0.000071
0.000071
0.000071
0.000071
0.000071
0.000071
0.000071
0.000071
0.000071
0.000071
0.000071
0.000071
0.000071
0.000071
0.000071
0.000071
0.000071
0.000071
0.000071
0.000071
0.000071
0.000071
0.000071
0.000071
0.000071
0.000071
0.000071
0.000071
0.000071
0.000071
0.000071
0.000071
0.000071
0.000071
0.000071
0.000071
0.000070
0.000070
0.000070
0.000070
0.000070
0.000070
0.000070
0.000070
0.000070
0.000070
0.000070
0.000068
0.000068
0.000068
0.000067
0.000067
0.000067
0.000067
0.000067
0.000066
0.000066
0.000066
0.000066
0.000066
0.000065
0.000065
0.000065
0.000065
0.000065
0.000065
0.000065
0.000065
0.000065
0.000065
0.000065
0.000065
0.000065
0.000065
0.000065
0.000064
0.000064
0.000064
0.000064
0.000064
0.000064
0.000064
0.000064
0.000064
0.000064
0.000063
0.000063
0.000063
0.000063
0.000063
0.000063
0.000063
0.000063
0.000063
0.000063
0.000063
0.000063
0.000063
0.000063
0.000063
0.000063
0.000063
0.000063
0.000063
0.000063
0.000063
0.000063
0.000063
0.000063
0.000063
0.000063
0.000063
0.000063
0.000063
0.000063
0.000063
0.000063
0.000063
0.000063
0.000062
0.000062
0.000062
0.000062
0.000062
0.000062
0.000062
0.000062
0.000062
0.000062
0.000062
0.000062
0.000062
0.000062
0.000062
0.000062
0.000062
0.000062
0.000062
0.000062
0.000062
0.000062
0.000062
0.000062
0.000062
0.000062
0.000062
0.000062
0.000062
0.000061
0.000061
0.000061
0.000061
0.000061
0.000061
0.000061
0.000061
0.000061
0.000061
0.000061
0.000061
0.000061
0.000061
0.000061
0.000061
0.000061
0.000061
0.000061
0.000061
0.000061
0.000061
0.000061
0.000061
0.000061
0.000061
0.000061
0.000061
0.000061
0.000061
0.000061
0.000061
0.000061
0.000061
0.000060
0.000060
0.000060
0.000060
0.000060
0.000060
0.000060
0.000060
0.000060
0.000060
0.000060
0.000060
0.000060
0.000060
0.000060
0.000060
0.000060
0.000060
0.000060
0.000060
0.000060
0.000060
