-103.894910
-100.345836
-101.979409
-101.399145
-102.529099
-100.000000
-100.578843
-100.000000
-100.000000
-103.363168
-100.000000
-101.251799
-105.126962
-111.089767
-101.561864
-100.000000
-102.080537
-126.118021
-101.844459
-101.389309
-124.781119
-101.274381
-100.868906
-100.000000
-102.053622
-104.923814
-121.369788
-101.313280
-103.268132
-104.019922
-101.648680
-122.477571
-100.382873
-100.000000
99.500000
-100.000000
-100.000000
-100.265477
-100.000000
-100.000000
-100.000000
-100.000000
-100.000000
-100.120001
-99.747328
-100.000000
-100.000000
-100.000000
-100.000000
-100.322951
-100.000000
-100.000000
-100.000000
-98.429966
-101.256122
-100.423659
-100.000000
-100.000000
-100.000000
-100.000000
-100.427926
-100.000000
-100.000000
-100.000000
-100.000000
-100.000000
-100.000000
-100.000000
-100.000000
-99.233563
-100.000000
-100.132778
-100.000000
-101.074363
-100.000000
-100.000000
-100.000000
-99.671596
-100.000000
-100.000000
-100.000000
-100.000000
-100.818355
-100.000000
100.000000
-100.277384
-100.000000
-100.000000
-100.795591
-100.121740
-101.347318
-99.863864
-100.000000
-100.000000
-100.000000
-101.215742
-100.225483
-100.846080
-100.000000
-100.000000
-100.000000
-100.000000
-100.275960
-100.566827
-100.496619
-100.000000
-100.000000
-100.000000
100.000000
-100.000000
-100.000000
-100.000000
-100.000000
100.000000
-100.000000
-100.057078
-100.000000
-99.907092
-100.000000
-100.000000
-100.275196
-99.944651
-100.371595
-100.000000
-99.793796
-99.809668
-99.975609
-101.109285
-100.137590
-99.877251
-100.000000
-100.347263
-100.000000
-99.444978
-100.000000
-99.820626
-100.004911
-100.382484
-100.000000
-101.449847
-100.000000
-100.000000
-100.313563
-99.268869
-99.659024
-103.312248
-100.000000
-100.000000
-100.283550
-100.759854
-100.000000
-99.800107
-100.000000
-100.000000
-99.662217
-100.783171
-99.991697
-101.343883
-100.000000
-99.864957
-100.128264
-100.331691
-99.565702
-99.717337
-100.166354
-100.861313
-99.917688
-100.091068
-100.735418
-99.462667
-100.627987
-100.000000
-100.000000
-100.320359
-100.000000
100.000000
-100.559395
-100.000000
-99.719072
-100.000000
-100.000000
-100.000000
-100.000000
-100.589929
-99.908538
-100.000000
100.000000
-100.151269
100.000000
-100.000000
-100.081790
-100.160812
-102.433933
-100.000000
-100.000000
-100.625011
-100.000000
-100.537416
-99.939862
-100.234736
-99.904594
-100.604780
-100.000000
-100.000000
-100.000000
-100.337586
-99.788714
-99.567982
-103.143869
-100.000000
-100.000000
-100.000000
-100.288897
-100.000000
-100.000000
-100.000000
-101.031579
-100.570835
-100.144136
-100.018418
-100.000000
-100.000000
-100.000000
-100.000000
-99.982982
-100.793519
-100.000000
-100.000000
-100.456289
-100.000000
-100.000000
-100.573140
-100.410343
-100.973040
-100.252758
-100.000000
-100.906643
-100.535976
-100.000000
-100.000000
-100.000000
-99.993140
100.000000
-100.000000
-99.049381
-100.836195
-100.718096
-100.000000
-100.000000
-100.000000
100.000000
-100.000000
-100.000000
-100.000000
-99.680467
-100.199286
-100.944920
-100.000000
-100.000000
-100.000000
-100.000000
-100.000000
-100.325778
-99.792536
-100.000000
-100.256810
-100.000000
-100.240373
-100.000000
-100.000000
-99.234772
100.000000
-100.000000
-100.000000
-100.000000
-100.000000
-100.055858
100.000000
-99.858450
-100.000000
-99.815536
-100.171633
100.000000
-100.000000
-101.070805
-100.189241
-99.721662
-100.172613
-100.000000
-100.000000
-100.000000
-100.000000
-99.781646
-100.000000
-100.231276
-100.000000
100.000000
-100.196968
-100.171643
-100.357119
-100.247230
-100.000000
-100.000000
-100.312247
-100.000000
-100.000000
-100.260149
-100.395161
-100.000000
-100.000000
-100.505865
-100.732463
-100.000000
-100.000000
-100.000000
-100.000000
-100.000000
-100.000000
-100.000000
-100.224872
-100.000000
-100.000000
-99.653924
-100.000000
-100.644933
-99.599359
-99.926833
-99.816281
-100.000000
-100.000000
-100.000000
-100.241157
-100.000000
-100.453085
-100.826575
-100.000000
-100.000000
-99.765572
-100.662656
-100.000000
-100.000000
-100.000000
-101.968335
-100.394903
-100.000000
-100.000000
-99.014645
-100.506549
-99.748147
-100.000000
-100.000000
-100.000000
-100.297064
-100.185879
-100.000000
-100.176212
-100.000000
-100.000000
-100.000000
-100.245074
-100.359311
-100.270233
-100.000000
-100.000000
-100.000000
-99.550455
-100.000000
-100.202234
-100.000000
-100.000000
-100.000000
-100.000000
-100.527692
-101.412562
-100.000000
-100.228264
-100.000000
-100.000000
-100.000000
-99.876146
-100.111317
-100.000000
99.714387
-100.106945
-100.000000
-100.000000
99.548119
-99.817587
-100.000000
-100.000000
-100.000000
-100.271775
-101.033007
-100.000000
100.000000
-100.000000
-100.171910
-100.140414
-100.547272
-100.638902
-99.575942
-99.824477
-99.596175
-100.000000
-99.649817
-100.000000
-100.000000
-100.000000
-100.000000
-100.000000
-100.000000
-100.000000
-100.000000
100.000000
-100.478167
-100.296522
-100.000000
-101.220689
-100.000000
-99.859184
-100.000000
-100.399029
-100.000000
-100.546540
-100.000000
-100.392778
-100.000000
-99.644229
-100.000000
-100.000000
-100.000000
-100.000000
-100.000000
-100.000000
-100.000000
-164.182545
-99.042685
-100.000000
-100.000000
-100.000000
-100.211213
-100.484759
-99.935467
-100.315085
-100.000000
-100.000000
100.000000
-100.000000
-100.086410
-100.000000
-100.000000
-100.000000
-99.748503
-100.000000
-100.871537
-100.000000
-100.266153
-100.000000
-100.000000
-100.000000
-100.023015
-100.569005
99.824777
-100.000000
-100.000000
-100.238953
-99.995631
-100.000000
-99.518701
-100.066132
-100.000000
-100.000000
-100.000000
-100.357075
-100.000000
-100.000000
-100.000000
-100.277079
-100.000000
-100.000000
-100.000000
-100.000000
-99.577740
-100.000000
-101.149865
-100.755948
-100.000000
-99.856574
-100.000000
-100.000000
-100.000000
-100.867745
-100.378805
-100.000000
-100.259478
-101.127474
-100.000000
-100.000000
-100.000000
-100.000000
-100.000000
-100.000000
-100.923762
-100.322163
-100.000000
-100.000000
-100.040826
-100.000000
-100.102224
-100.677653
-100.000000
-100.000000
-100.243739
-99.597591
-100.000000
-100.000000
-98.909822
-100.000000
-100.000000
-100.000000
-100.000000
-100.000000
-100.000000
-99.857834
-100.000000
-100.000000
-99.770893
-100.550904
-100.000000
-100.000000
-99.923985
-100.000000
-100.000000
-100.000000
-100.000000
-100.000000
-100.000000
-100.316475
-100.087308
-100.000000
-100.209570
-100.000000
-100.000000
-100.388375
-100.000000
-99.713659
-100.613166
-100.000000
-100.000000
-100.409961
-99.135039
-100.000000
-100.849750
-100.000000
-100.000000
-100.000000
-100.000000
100.000000
-100.000000
-100.285857
-100.000000
-100.345225
-100.238039
-100.086554
-100.000000
-100.023751
-100.264323
-100.000000
-100.147658
-100.000000
-100.000000
-100.187313
-99.688816
-100.000000
-99.858937
-99.116708
-100.000000
-100.021788
-100.000000
-100.000000
-99.997391
-100.755707
-100.000000
-100.242814
-100.266110
100.000000
-100.000000
-100.000000
-100.000000
-99.539475
-100.000000
-100.000000
-100.000000
-100.674391
-100.000000
-101.121125
-100.000000
-100.000000
-100.000000
-100.662941
-99.889485
-100.000000
-99.967611
100.000000
-100.632013
-100.607709
100.000000
-100.000000
-100.000000
-100.660683
-99.860827
-100.000000
-100.000000
-100.000000
-100.478521
-100.000000
-101.023521
-100.910638
-100.384380
-100.000000
-100.000000
-100.000000
-100.000000
-100.000000
-100.000000
-100.000000
-100.000000
-100.000000
-100.000000
-100.000000
-100.000000
-99.450085
-99.689812
-100.000000
-100.000000
-100.000000
-103.916784
-100.000000
-100.000000
-100.000000
-100.111969
-101.027737
-100.141796
-99.784265
-100.000000
-100.000000
-100.324058
-100.000000
-100.000000
-100.531081
-100.000000
-100.190056
-100.726531
-100.000000
-99.931820
-100.000000
-100.000000
-99.867592
-100.135734
-100.000000
-100.183286
-100.766720
-99.699946
-100.000000
-100.000000
-100.000000
-100.000000
-100.000000
-100.000000
-100.000000
-100.530509
-100.000000
-101.406319
-100.350443
-100.051827
-100.000000
-101.001205
-99.865334
-100.028280
-100.538868
-100.000000
-100.000000
-100.000000
-100.000000
-100.000000
-100.000000
-100.538398
-100.165198
-99.850389
-100.000000
-100.373894
-100.245883
-100.000000
-100.000000
100.000000
-100.000000
-100.000000
-100.140574
-100.154504
-100.000000
-100.000000
-101.699114
-100.371508
-100.800803
-100.000000
-100.000000
-99.916317
-100.176617
-100.000000
-101.439978
-100.000000
100.000000
-100.000000
-99.415902
-100.000000
-99.839855
-100.396535
-100.000000
-100.000000
-100.471963
-100.000000
-100.473972
-100.000000
-100.381466
-100.000000
-100.000000
-100.000000
-99.885944
-100.000000
100.000000
-100.102202
-100.925414
-100.009655
-100.092385
-100.000000
-100.000000
-100.184781
-100.779830
100.000000
-100.000000
-100.314521
-100.000000
-100.000000
-100.000000
-99.901374
-100.428992
-100.000000
-100.337311
-100.000000
-100.273091
-100.000000
100.211682
-100.000000
-100.000000
100.000000
-100.000000
-100.087620
100.000000
-100.000000
-100.219920
-100.000000
-100.000000
-100.000000
-100.000000
-100.282021
-100.117726
-108.040629
-100.173850
-100.000000
-100.000000
-100.000000
-100.247225
-100.025078
-100.000000
-100.238702
100.000000
-100.199724
-100.000000
-100.000000
-100.004925
-100.000000
-100.000000
-100.000000
-100.000000
-100.000000
-99.827156
-100.000000
-100.000000
-100.263224
-100.000000
-100.000000
-100.342191
-100.000000
-100.000000
-100.000000
-100.296661
-100.000000
-100.013408
-100.000000
-99.902433
-100.000000
-100.000000
100.000000
-100.000000
-100.524406
-100.000000
-100.000000
-99.274432
-100.123726
-100.000000
-100.413782
-100.000000
-100.000000
-100.000000
-100.383543
-100.000000
-100.420378
-100.000000
-100.000000
-100.000000
-100.000000
-100.000000
100.000000
-100.000000
-100.000000
-100.000000
-100.000000
-100.213739
100.000000
-100.000000
-100.000000
-99.711103
-100.000000
-100.000000
-99.728746
-100.000000
-100.197650
-100.000000
-100.000000
-100.000000
-99.893586
-100.000000
-100.000000
-99.992124
-100.000000
-99.599536
-99.934628
-100.000000
-100.000000
-100.597178
-100.523189
-101.253108
-100.043248
-100.000000
100.000000
-100.124491
-100.000000
-100.000000
-100.000000
-100.000000
-100.389777
-100.000000
-100.000000
-100.315900
-99.621213
-100.000000
-100.454309
-100.307072
-100.457177
-99.847357
-100.000000
-100.000000
-99.756766
-100.000000
-100.000000
-100.150070
-99.965148
-100.114082
-100.435459
-100.000000
-100.000000
-100.000000
-100.148117
-100.000000
-99.263109
-100.000000
-100.000000
-100.494767
-100.000000
-99.837049
-100.530143
-122.638370
-100.000000
-100.000000
-100.000000
-100.000000
-100.000000
-100.000000
-100.000000
-99.504726
-100.201134
-100.000000
-100.000000
-100.000000
-100.000000
-100.000000
-100.000000
-100.000000
-100.000000
-100.000000
-100.000000
-100.000000
-100.675140
-100.000000
-100.000000
-100.000000
-100.000000
-100.000000
-100.000000
100.000000
-100.679989
-100.240220
-100.000000
-100.350653
-100.000000
-100.238846
-100.573807
-100.000000
-100.000000
-100.000000
-100.688838
100.196463
-100.000000
-100.154449
-100.000000
-100.000000
100.000000
-100.000000
-100.000000
-100.162546
-100.000000
99.767252
-100.000000
-100.000000
-100.000000
-100.000000
100.000000
-99.515343
-100.000000
-100.000000
-100.071122
-100.000000
-100.116716
-99.761407
-99.936442
-100.410906
-100.000000
-100.000000
-100.000000
-100.000000
-100.000000
-100.000000
-100.530248
-99.830864
-100.514059
-100.000000
-100.000000
-100.000000
-100.000000
-100.607527
-100.000000
-100.000000
-100.000000
-101.310336
-100.000000
100.000000
-100.000000
-100.000000
-99.959514
100.000000
-100.000000
-100.394505
-100.417331
-100.000000
-100.060456
-100.107750
-99.963597
-100.000000
-100.523206
-100.000000
-100.000000
-100.000000
-100.000000
-100.000000
-100.000000
-101.005480
-100.000000
-100.000000
-100.317057
-100.000000
-100.000000
-100.000000
-100.000000
-100.000000
-100.000000
-100.000000
-100.000000
-100.000000
99.785236
100.000000
-100.403381
-100.000000
-100.000000
-101.231690
-100.000000
-100.000000
-100.000000
-100.000000
-100.000000
-100.000000
-100.000000
-100.000000
-100.000000
-100.068497
-100.000000
-100.000000
-100.243334
-100.000000
-100.460401
-100.438774
-100.000000
-99.996204
-100.325610
-100.000000
-100.000000
-100.000000
-100.000000
-100.168962
-100.279504
-100.000000
-100.000000
-100.000000
-100.000000
-103.380987
-100.000000
-99.508933
-100.000000
-100.000000
-100.000000
-100.000000
-100.029814
-100.000000
-100.255623
-100.000000
-100.000000
-101.243522
-100.000000
-100.000000
-100.000000
-100.000000
-99.861254
-99.978964
-100.000000
100.005294
-100.000000
-100.182621
-100.719871
-100.000000
-100.701279
-100.000000
-101.088198
-99.714369
100.000000
-100.200759
-100.000000
-100.503068
-100.000000
-100.000000
-100.000000
-99.962691
-99.756904
-100.963340
-100.000000
-100.000000
-100.000000
-100.000000
-100.000000
-100.000000
-100.964735
-100.000000
-113.612649
-100.000000
-100.429684
100.000000
-100.000000
-101.415790
-100.483252
-100.000000
-100.025775
-100.686035
-100.202679
-100.000000
-99.770462
-100.206724
-99.911995
-99.892659
-100.000000
-100.173126
-100.000000
-99.914178
100.000000
-100.000000
-100.000000
-100.000000
-100.000000
-100.000000
-99.959775
-100.000000
-100.000000
-99.956641
-100.000000
-100.181597
-100.000000
-100.000000
-100.522163
-100.000000
-100.000000
-100.031005
-100.699986
-100.000000
-100.000000
-100.000000
-100.000000
-100.469317
100.000000
-100.000000
-100.000000
-99.749097
-100.000000
-100.000000
-100.000000
-100.000000
-100.000000
-99.603334
-100.000000
-100.000000
-100.000000
-100.000000
-100.000000
-100.414806
-100.000000
-99.986858
-100.000000
-100.153931
-100.000000
-101.190057
-100.351117
-100.130494
-100.000000
-100.000000
-100.026125
-100.195871
-100.000000
-100.333460
-100.000000
-100.000000
-100.000000
-100.000000
-100.000000
-100.000000
-100.453391
-100.000000
-100.056699
-100.000000
-100.000000
-99.727586
-100.185802
-100.000000
-99.729796
-100.000000
-100.000000
-100.251724
-100.000000
-99.851150
-100.000000
-101.347914
-100.000000
-99.809290
-100.099228
-99.897132
-100.336704
-100.000000
-100.000000
-100.045586
-100.153212
-100.000000
-100.000000
-100.189683
-100.495662
-100.000000
-100.301127
-100.000000
-100.208982
-100.000000
-99.745707
-100.000000
-100.000000
-100.641927
100.000000
-100.000000
-100.098513
-100.190623
100.000000
-100.000000
-100.330886
-100.581982
-100.000000
100.105685
-100.000000
-100.137539
-100.000000
-100.000000
-100.000000
-100.490833
-100.000000
-100.000000
-100.000000
100.000000
-100.000000
-100.199353
-100.000000
-99.929296
-100.044865
-100.000000
-100.869504
-100.134584
-100.158297
-100.000000
-100.000000
-100.000000
-100.000000
-99.735784
-100.000000
-100.000000
-100.000000
-100.000000
-100.000000
-100.000000
-100.000000
100.290810
-100.494681
-100.021895
-100.371079
-99.631460
-99.939754
-99.568480
-100.000000
-100.295013
-99.337007
-102.260987
-100.000000
-100.267096
-100.000000
-100.000000
-100.526715
-100.000000
-100.000000
-100.000000
-99.997992
-100.000000
-100.000000
100.000000
-100.052107
-100.000000
-100.000000
-100.659479
-100.000000
-100.088804
-100.000000
-100.099224
-100.000000
-100.000000
-100.000000
-100.119463
-100.571348
100.000000
-100.000000
-100.000000
-101.890400
-99.559197
-100.000000
-100.000000
-100.231451
-100.083539
-100.000000
-100.000000
-100.191064
-100.000000
-100.000000
-100.745243
-100.000000
-100.000000
-104.471564
-100.078281
-100.000000
-100.246702
-99.821477
-100.000000
-100.311473
-100.486125
-100.095968
-100.000000
-100.256377
-100.000000
-101.314775
-101.252324
-100.000000
-100.000000
-100.000000
-100.000000
-100.695695
100.000000
-100.301529
-101.780581
-105.020728
-100.000000
100.000000
-100.356082
-100.551737
-99.738813
-100.000815
100.000000
-100.000000
-100.000000
-99.992971
-101.238521
-99.948934
-100.000000
-100.000000
-100.000000
-100.370874
-100.284265
-100.000000
-100.000000
-100.000000
-102.041394
-100.538832
-100.408944
-100.000000
-100.000000
-100.421194
-100.000000
-100.000000
-100.000000
-100.000000
-100.000000
-100.000000
-101.303530
-100.000000
-100.106360
-100.000000
-100.000000
-100.884840
-100.000000
100.249357
-100.000000
-100.000000
-100.000000
-100.000000
-101.578276
-100.000000
-102.521567
-100.000000
-100.312444
-99.718652
-100.000000
-100.000000
-100.000000
-100.000000
-100.261719
-100.154792
-100.333467
-99.695131
-100.000000
-100.211796
-100.000000
-100.000000
-100.448759
-100.227363
-100.000000
-100.238680
-100.120977
-100.965313
-100.524204
-100.380431
-100.496171
-100.000000
-101.289993
-101.062470
-100.000000
-100.000000
-100.000000
-100.000000
-100.000000
-100.000000
-103.236803
-100.000000
-101.743580
-100.000000
-100.000000
-101.030677
-99.560110
-100.157164
-102.182716
-101.497253
-100.638711
-100.000000
-100.000000
-100.941279
-100.534257
-100.663139
-100.721467
-100.000000
100.000000
-101.786372
-100.681659
-100.000000
-99.934299
-100.393057
-100.000000
-101.442333
-101.458652
-100.014325
-100.339628
-100.000000
-100.000000
-100.000000
-100.000000
-100.278883
-100.082687
-100.000000
99.344806
-100.820728
-100.000000
-100.000000
-100.000000
-100.000000
-100.663865
-99.940125
-100.331134
-100.000000
-100.681100
-100.760229
-100.000000
-99.932367
-100.895759
-100.735571
-100.000000
-100.353919
-100.000000
-100.130172
-100.000000
-101.093021
-100.000000
99.644433
-100.000000
-100.000000
-100.000000
-100.000000
-100.042355
-100.000000
-100.911089
-100.000000
-99.878033
-100.716782
100.000000
-100.000000
-100.000000
-100.298125
-100.549402
-100.434351
-99.720423
-100.296198
-100.000000
-100.000000
-100.000000
-100.000000
-100.000000
-100.000000
-101.122945
-100.000000
-100.000000
-100.000000
-100.000000
-100.000000
-100.000000
-100.076965
-100.600528
-100.000000
-100.000000
-99.860993
-101.012533
-100.000000
-100.203363
-100.000000
-99.608222
-100.000000
-100.000000
-100.114820
-100.000000
99.237591
-100.945205
-101.868029
-101.096655
-100.000000
-100.646341
-100.000000
-100.000000
-100.000000
-100.000000
-101.049448
-100.843082
-101.146382
-100.000000
-100.142416
-100.000000
-100.000000
-100.000000
-100.000000
-99.913393
-100.000000
-101.264804
-100.037210
-100.197251
-100.068810
-100.000000
-100.000000
-100.000000
-100.240549
-100.587902
-99.935665
-99.918097
-100.000000
-99.806982
-100.000000
-99.924552
-100.000000
-100.719842
-100.056095
-100.427566
-101.904614
-100.000000
-100.000000
-100.000000
-100.418134
-100.000000
-100.023815
-100.000000
-100.000000
-100.154256
-100.470798
100.000000
-100.383660
-100.308598
-100.000000
-100.000000
-100.000000
-100.000000
-100.284518
-100.000000
-99.942213
-101.175138
-100.199456
-100.245369
-102.299906
-100.000000
-100.212610
-99.957406
-100.000000
-100.000000
-100.000000
-101.455843
-100.113644
-100.000000
-100.438279
-100.000000
-100.258577
-100.407735
-100.000000
-101.733200
-100.480942
-100.000000
-100.000000
-100.704458
-100.000000
-100.000000
-100.737043
99.449805
-100.340178
-100.000000
-100.006098
-100.168905
-100.000000
-101.007693
-100.000000
-100.709771
-100.232818
-100.000000
-100.000000
-100.954070
-100.094073
-100.000000
-100.000000
-100.000000
-100.000000
-100.000000
-100.000000
-100.000000
-99.880104
-100.000000
-99.793539
-101.016890
-100.000000
-100.000000
-100.576510
-101.846642
-100.000000
-101.386053
-100.000000
-100.000000
-108.354993
-104.881658
-120.903107
-108.533454
-101.945305
-109.214510
-100.107101
-101.030505
-100.000000
-101.055937
-112.885498
-117.818723
-100.440219
-101.157602
-100.412834
-101.634592
-100.000000
-100.000000
-100.000000
-102.638919
-113.927033
-100.032588
-99.958016
100.000000
-100.625505
-100.000000
-100.000000
-100.310117
-99.218184
-100.000000
-99.736115
-99.990493
-100.000000
-100.000000
-100.000000
-100.000000
-100.000000
-100.000000
-101.021881
-100.710489
-99.857545
-100.000000
-100.544222
-99.783934
-100.000000
-100.000000
-99.646631
-99.791362
-100.000000
-100.214495
-99.655577
-100.000000
-100.000000
-100.000000
-102.316795
-100.266091
-100.176086
-100.000000
-100.000000
-100.649951
-100.082113
-101.897674
-100.000000
-99.985515
-100.000000
-100.145184
-101.177195
-100.000000
-100.000000
98.415929
-100.000000
-100.000000
-100.000000
-100.778531
-101.954920
-100.000000
-100.000000
-100.000000
-100.000000
-99.990551
-100.129476
-100.000000
-100.230351
-100.000000
-100.373498
-100.620198
-100.749677
-100.000000
-99.842454
-100.066456
-100.320869
-100.000000
-100.703954
-100.000000
-100.000000
-100.000000
-100.000000
-100.000000
-100.798455
-99.462677
-100.000000
-99.999210
-102.668613
-102.133065
-100.000000
-100.018134
-100.000000
-101.167027
-100.000000
100.000000
-101.126862
-100.000000
-100.000000
-100.000000
-100.000000
-100.466720
-100.109775
-100.995380
-100.000000
-100.000000
-100.000000
-100.787753
-100.000000
-100.828734
-100.000000
-100.000000
-102.273429
-99.669808
-100.029082
100.000000
-100.709975
-100.000000
-100.000000
-100.000000
-100.000000
-100.360223
-102.573960
-100.052656
-100.288676
-100.000000
-99.948594
-100.000000
-99.808525
-99.723463
-100.000000
-100.233040
-100.621027
-100.297212
-100.453516
-100.098797
-99.361442
-100.000000
-102.843257
-100.000000
-100.259016
-100.000000
100.000000
-100.000000
-100.000000
