state Env: [ 0.54458489  0.87123848  1.0903494   0.97077069  0.87783765  0.60640921
  0.51132267  0.74643675  0.99786606  0.48974456  0.52986178  0.71550705
  0.57987729  1.00726923  0.84902115  0.56459219  0.53939938  0.77019457
  0.79619626  0.89533459  0.68008217  0.62844182  0.79530115  0.8407034
  0.98002292  0.46595736  0.63381511  0.20129886  0.85974758  0.85381897
  0.89689707  0.49626959  1.10575919  0.79562039  0.94736213  0.75147892
  0.57299245  0.53944054  0.40813388  0.55137201  0.6523985   0.61880385
  0.77158987  1.22356371  0.66526313  0.82739394  0.84007802  0.64004884
  0.79233647  0.60899209  0.56061347  0.41503864  0.48122873  0.6827541
  1.08746517  0.95417637  0.9108772   0.97666151  0.62911688  0.56206532
  1.03133392  1.00197298  0.94795576  0.76085551  0.76066786  0.9208822
  0.67620516  0.7513079   0.70371841  1.02589624  0.95903559  0.80087119
  0.58199106  1.09790775  1.07790573  0.96238305  1.05509326  1.36057174
  1.05502746  0.93955223  1.2587313   1.28557073  1.1806977   1.61348278
  1.31945862  1.82851832  1.66699092  1.56415147  1.72207544  1.81564065
  1.50806647  1.92677106  1.75791534  2.05559149  2.11085378  2.27936318
  2.7969981   3.00396032  3.04362412  3.11432334  3.54408601  3.94140714
  4.64021352  5.18147385  5.13145838  5.00773151  5.15738619  5.25722846
  5.24807856  5.1752765   4.89656074  5.29804384  4.93381708  5.50771337
  5.04739447  5.08962161  4.78453008  5.08015373  4.79616884  4.70271082
  4.28789887  3.66028093  4.09988266  3.83885804  3.44922353  2.63560438
  2.80967543  2.73945762  2.53025514  2.47691891  2.05551442  2.09630715
  2.33671776  1.97903698  1.83202563  2.05442848  1.85480669  1.67375709
  2.01495949  1.88457993  1.32488375  1.67017366  1.57346253  1.11084536
  1.29438251  1.21669541  1.3064923   1.56103075  1.53950175  1.30070393
  6.440075   -2.47977054  0.          0.        ]

State Env TD3: [10.         10.         10.         10.  10.         10.
    10.         10.         10.         10.         10.         10.
    10.         10.         10.         10.         10.         10.
    10.         10.          3.45569621  2.2288405   0.0.        ]

------------------------------------------------------------------------------------
Distancia: 6.440074999999999
------------------------------------------------------------------------------------
Theta: -2.479770536268812
------------------------------------------------------------------------------------
State No action: tensor([[ 0.5446,  0.8712,  1.0903,  0.9708,  0.8778,  0.6064,  0.5113,  0.7464,
          0.9979,  0.4897,  0.5299,  0.7155,  0.5799,  1.0073,  0.8490,  0.5646,
          0.5394,  0.7702,  0.7962,  0.8953,  0.6801,  0.6284,  0.7953,  0.8407,
          0.9800,  0.4660,  0.6338,  0.2013,  0.8597,  0.8538,  0.8969,  0.4963,
          1.1058,  0.7956,  0.9474,  0.7515,  0.5730,  0.5394,  0.4081,  0.5514,
          0.6524,  0.6188,  0.7716,  1.2236,  0.6653,  0.8274,  0.8401,  0.6400,
          0.7923,  0.6090,  0.5606,  0.4150,  0.4812,  0.6828,  1.0875,  0.9542,
          0.9109,  0.9767,  0.6291,  0.5621,  1.0313,  1.0020,  0.9480,  0.7609,
          0.7607,  0.9209,  0.6762,  0.7513,  0.7037,  1.0259,  0.9590,  0.8009,
          0.5820,  1.0979,  1.0779,  0.9624,  1.0551,  1.3606,  1.0550,  0.9396,
          1.2587,  1.2856,  1.1807,  1.6135,  1.3195,  1.8285,  1.6670,  1.5642,
          1.7221,  1.8156,  1.5081,  1.9268,  1.7579,  2.0556,  2.1109,  2.2794,
          2.7970,  3.0040,  3.0436,  3.1143,  3.5441,  3.9414,  4.6402,  5.1815,
          5.1315,  5.0077,  5.1574,  5.2572,  5.2481,  5.1753,  4.8966,  5.2980,
          4.9338,  5.5077,  5.0474,  5.0896,  4.7845,  5.0802,  4.7962,  4.7027,
          4.2879,  3.6603,  4.0999,  3.8389,  3.4492,  2.6356,  2.8097,  2.7395,
          2.5303,  2.4769,  2.0555,  2.0963,  2.3367,  1.9790,  1.8320,  2.0544,
          1.8548,  1.6738,  2.0150,  1.8846,  1.3249,  1.6702,  1.5735,  1.1108,
          1.2944,  1.2167,  1.3065,  1.5610,  1.5395,  1.3007,  6.4401, -2.4798,
          0.0000,  0.0000]])

State No action TD3: tensor([[10.0000, 10.0000, 10.0000, 10.0000, 10.0000, 10.0000, 10.0000, 10.0000,
        # ! 10.0000, 10.0000, 10.0000, 10.0000, 10.0000, 10.0000, 10.0000, 10.0000,
        # ! 10.0000, 10.0000, 10.0000, 10.0000,  3.4557,  2.2288,  0.0000,  0.0000]])
------------------------------------------------------------------------------------
Min Lazer: 0.6759870648384094
Min Lazer TD3: 10.0
------------------------------------------------------------------------------------
Reward Step: -0.6620064675807953
------------------------------------------------------------------------------------
!!!!!!!!!!!!!!!!!!!!!!!!!!!!!!!!!!!!!!!!!!!!!!!!!!!!!!!!!!!!!!!!!!!!!!!!!!!!!!!!!!!!
Next Action: tensor([[ 0., -1.]])
Next Action TD3: tensor([[-0.2305,  0.5880], [-0.2348,  0.5885], [-0.2202,  0.5964]], grad_fn=<TanhBackward>)
Next Action TD3 noise: tensor([[-0.3595,  0.7761], [-0.4474,  0.4941], [-0.1140,  0.5544]], grad_fn=<ClampBackward1>)

Action with noise:  [-0.94442683 -0.9569381 ]
Noise:  [-1. -1.]
!!!!!!!!!!!!!!!!!!!!!!!!!!!!!!!!!!!!!!!!!!!!!!!!!!!!!!!!!!!!!!!!!!!!!!!!!!!!!!!!!!!!
------------------------------------------------------------------------------------
Target Q1: tensor([[-0.2375]], grad_fn=<AddmmBackward0>)
Target Q1 TD3: tensor([[0.5569], [0.5400], [0.6051]], grad_fn=<AddmmBackward>)
------------------------------------------------------------------------------------
Target Q2: tensor([[-0.2375]], grad_fn=<AddmmBackward0>)
Target Q2 TD3: tensor([[0.3943], [0.3690], [0.4310]], grad_fn=<AddmmBackward>)
------------------------------------------------------------------------------------
Target Q: tensor([[-0.8995]])
Target Q TD3: tensor([[ 0.4580], [ 0.6587], [-0.0690]])
------------------------------------------------------------------------------------
loss: tensor(2167.6243, grad_fn=<AddBackward0>)
loss TD3: tensor(0.5476, grad_fn=<AddBackward0>)
------------------------------------------------------------------------------------
action: [1. 1.]
actions: [1.0, 1.0]
action TD3: [0.34799473335075354, 1.0]
------------------------------------------------------------------------------------
next_states: 154
rewards: -100.0
state TD3: 24
rewards TD3: 0.28964070788728274
------------------------------------------------------------------------------------
