-0.139642
-0.141497
-0.142933
-0.143087
-0.143867
-0.146897
-0.148399
-0.149413
-0.149918
-0.150434
-0.150940
-0.151332
-0.151787
-0.152343
-0.152999
-0.159473
-0.159875
-0.160249
-0.161156
-0.162132
-0.162551
-0.162948
-0.164880
-0.166830
-0.168385
-0.169003
-0.172374
-0.173424
-0.173763
-0.174364
-0.179934
-0.180785
-0.181689
-0.182355
-0.189120
-0.189625
-0.190113
-0.190524
-0.195665
-0.195949
-0.196468
-0.196908
-0.197648
-0.199744
-0.200440
-0.201750
-0.202454
-0.202937
-0.204627
-0.208985
-0.209291
-0.210703
-0.211137
-0.212330
-0.216594
-0.216902
-0.227395
-0.231830
-0.233427
-0.236729
-0.240284
-0.242007
-0.245065
-0.247107
-0.247376
-0.250413
-0.250571
-0.250773
-0.251029
-0.251173
-0.251442
-0.251630
-0.251845
-0.252096
-0.252327
-0.252642
-0.253857
-0.254216
-0.255947
-0.258768
-0.259565
-0.259724
-0.259937
-0.260140
-0.261441
-0.263296
-0.265334
-0.268847
-0.269957
-0.270329
-0.270831
-0.271049
-0.271276
-0.271505
-0.271733
-0.272085
-0.272241
-0.272462
-0.275169
-0.276585
-0.276724
-0.276969
-0.279602
-0.279900
-0.280326
-0.281218
-0.281419
-0.281599
-0.286320
-0.289712
-0.289972
-0.290204
-0.291618
-0.291820
-0.294264
-0.294886
-0.295068
-0.295241
-0.295641
-0.296476
-0.296672
-0.297453
-0.297695
-0.297901
-0.298085
-0.298287
-0.298464
-0.298654
-0.300026
-0.300243
-0.300612
-0.300808
-0.301065
-0.301215
-0.304045
-0.306322
-0.306591
-0.306817
-0.307104
-0.307303
-0.308018
-0.308688
-0.308844
-0.310978
-0.311939
-0.312156
-0.315467
-0.315874
-0.316063
-0.321625
-0.322057
-0.322277
-0.322434
-0.322638
-0.323554
-0.323828
-0.324101
-0.324834
-0.325071
-0.328348
-0.328598
-0.328804
-0.329271
-0.329479
-0.330117
-0.330690
-0.330923
-0.332113
-0.332861
-0.333104
-0.333542
-0.333803
-0.334033
-0.337228
-0.337488
-0.337805
-0.338517
-0.339474
-0.339721
-0.341104
-0.341528
-0.341747
-0.345369
-0.345630
-0.347226
-0.347670
-0.347966
-0.348233
-0.349020
-0.349276
-0.351035
-0.351596
-0.351891
-0.352144
-0.352684
-0.353274
-0.353591
-0.354213
-0.354488
-0.355510
-0.356027
-0.358640
-0.358882
-0.359159
-0.359673
-0.361258
-0.362247
-0.362793
-0.363104
-0.364004
-0.364545
-0.364815
-0.366102
-0.366821
-0.367090
-0.367282
-0.368073
-0.368396
-0.370854
-0.371094
-0.371365
-0.371608
-0.372529
-0.372807
-0.373603
-0.381958
-0.382751
-0.383043
-0.383630
-0.384183
-0.385052
-0.385382
-0.390648
-0.391278
-0.392339
-0.393150
-0.393447
-0.394351
-0.394598
-0.396055
-0.396334
-0.400341
-0.400648
-0.401415
-0.403031
-0.403639
-0.406031
-0.406577
-0.406897
-0.415492
-0.415810
-0.418797
-0.419613
-0.420165
-0.421845
-0.422149
-0.422694
-0.422987
-0.423273
-0.423572
-0.424058
-0.428137
-0.428665
-0.429461
-0.429761
-0.430041
-0.430914
-0.431216
-0.431738
-0.431955
-0.437425
-0.437740
-0.438535
-0.438810
-0.439096
-0.439368
-0.439677
-0.439975
-0.442913
-0.443162
-0.445763
-0.449226
-0.449510
-0.449758
-0.451790
-0.453105
-0.453842
-0.454611
-0.454886
-0.455101
-0.467883
-0.471125
-0.471369
-0.472990
-0.473247
-0.476184
-0.476755
-0.476973
-0.477766
-0.478039
-0.478301
-0.478532
-0.479811
-0.481885
-0.482089
-0.482314
-0.482609
-0.484400
-0.484637
-0.485309
-0.485563
-0.489568
-0.490063
-0.494691
-0.495186
-0.496194
-0.499492
-0.499735
-0.499966
-0.503317
-0.503537
-0.504439
-0.504691
-0.504959
-0.505191
-0.506383
-0.509987
-0.510473
-0.510686
-0.510933
-0.511917
-0.514110
-0.514339
-0.514820
-0.515056
-0.515324
-0.520597
-0.521084
-0.521326
-0.521584
-0.522794
-0.523317
-0.526438
-0.526924
-0.527172
-0.527402
-0.527667
-0.527903
-0.528115
-0.528335
-0.528828
-0.529053
-0.530938
-0.531190
-0.531640
-0.532101
-0.533486
-0.533712
-0.533940
-0.534716
-0.535865
-0.536108
-0.536364
-0.536599
-0.536834
-0.545352
-0.545793
-0.546017
-0.546237
-0.546464
-0.546917
-0.547135
-0.547371
-0.551822
-0.552569
-0.553246
-0.554886
-0.555129
-0.555393
-0.556299
-0.557920
-0.558160
-0.559350
-0.559620
-0.560345
-0.561470
-0.567970
-0.568196
-0.568870
-0.569335
-0.570723
-0.575603
-0.575806
-0.576012
-0.576237
-0.576455
-0.576683
-0.576919
-0.577150
-0.578288
-0.579460
-0.579686
-0.580094
-0.583359
-0.583577
-0.583779
-0.584423
-0.584645
-0.584872
-0.585108
-0.585987
-0.586438
-0.588367
-0.588568
-0.588990
-0.589441
-0.590759
-0.591397
-0.591814
-0.592232
-0.592442
-0.593321
-0.593529
-0.593745
-0.594858
-0.595076
-0.595299
-0.595514
-0.595706
-0.597914
-0.598150
-0.598346
-0.599192
-0.599420
-0.602625
-0.602843
-0.609267
-0.609469
-0.609673
-0.609870
-0.612293
-0.612928
-0.613146
-0.613589
-0.613814
-0.614477
-0.614681
-0.614887
-0.615113
-0.615994
-0.616209
-0.616873
-0.617076
-0.617495
-0.617723
-0.618579
-0.619245
-0.619461
-0.623868
-0.628055
-0.628484
-0.630985
-0.631188
-0.631400
-0.632255
-0.632464
-0.632682
-0.635362
-0.635576
-0.635777
-0.635996
-0.636421
-0.636818
-0.637213
-0.639677
-0.639904
-0.643582
-0.643777
-0.644001
-0.644180
-0.644383
-0.647002
-0.647813
-0.648207
-0.648614
-0.649228
-0.649443
-0.649653
-0.649837
-0.650214
-0.651207
-0.651422
-0.651637
-0.652044
-0.652251
-0.655803
-0.655989
-0.656192
-0.658990
-0.659189
-0.659580
-0.659799
-0.668032
-0.668244
-0.668834
-0.669827
-0.670419
-0.670581
-0.670781
-0.671143
-0.671929
-0.672124
-0.674856
-0.675789
-0.675975
-0.678476
-0.678665
-0.678874
-0.679072
-0.679461
-0.679659
-0.680035
-0.680814
-0.680993
-0.681185
-0.681364
-0.681557
-0.681742
-0.682130
-0.682502
-0.682688
-0.682884
-0.683074
-0.683278
-0.683472
-0.683676
-0.683859
-0.686121
-0.686329
-0.686520
-0.686720
-0.694117
-0.696339
-0.696528
-0.696708
-0.696899
-0.698945
-0.699131
-0.699298
-0.701698
-0.701877
-0.702438
-0.702618
-0.702982
-0.703166
-0.703535
-0.705524
-0.705708
-0.705881
-0.706074
-0.706259
-0.708449
-0.708797
-0.708984
-0.709172
-0.709678
-0.709869
-0.712840
-0.713018
-0.713182
-0.716777
-0.716971
-0.718972
-0.719156
-0.719347
-0.721637
-0.721824
-0.722008
-0.722186
-0.722358
-0.722542
-0.723104
-0.723975
-0.725185
-0.725363
-0.725560
-0.725734
-0.726438
-0.726782
-0.726929
-0.727100
-0.730578
-0.733717
-0.733877
-0.734049
-0.735784
-0.735948
-0.736455
-0.736952
-0.737117
-0.737290
-0.737615
-0.737779
-0.737939
-0.739853
-0.740035
-0.740221
-0.740384
-0.740853
-0.744085
-0.745429
-0.745953
-0.746838
-0.748338
-0.748660
-0.748823
-0.749007
-0.749183
-0.751893
-0.752232
-0.754227
-0.754404
-0.754570
-0.754733
-0.756135
-0.756304
-0.756453
-0.756600
-0.756740
-0.756903
-0.757065
-0.759380
-0.759871
-0.760050
-0.760215
-0.760877
-0.761024
-0.761506
-0.762029
-0.762182
-0.762358
-0.762853
-0.763354
-0.763511
-0.764323
-0.764779
-0.766677
-0.767149
-0.767331
-0.768175
-0.768668
-0.768805
-0.768947
-0.770816
-0.770969
-0.771422
-0.772849
-0.796130
-0.796449
-0.796606
-0.796897
-0.797040
-0.797464
-0.797616
-0.797761
-0.798055
-0.799735
-0.800296
-0.802106
-0.802720
-0.802881
-0.803013
-0.803169
-0.803325
-0.803487
-0.803629
-0.803752
-0.804761
-0.806403
-0.806687
-0.806838
-0.806993
-0.807150
-0.810442
-0.810878
-0.811008
-0.811271
-0.815310
-0.815458
-0.815588
-0.815858
-0.816008
-0.816581
-0.816718
-0.816980
-0.817098
-0.817933
-0.818079
-0.818204
-0.819650
-0.819934
-0.820061
-0.820210
-0.820343
-0.820472
-0.820610
-0.822290
-0.822440
-0.822582
-0.823162
-0.823305
-0.823443
-0.824521
-0.824671
-0.824829
-0.825275
-0.825427
-0.825590
-0.826752
-0.826888
-0.827415
-0.827678
-0.827813
-0.827943
-0.828741
-0.828868
-0.829014
-0.829158
-0.829445
-0.829586
-0.832059
-0.832204
-0.832345
-0.832463
-0.832998
-0.833261
-0.833415
-0.833565
-0.833677
-0.834219
-0.834610
-0.834740
-0.835009
-0.835133
-0.835385
-0.835508
-0.835938
-0.836091
-0.836214
-0.836343
-0.836463
-0.837005
-0.837152
-0.837279
-0.837838
-0.838326
-0.838458
-0.838992
-0.839123
-0.839388
-0.839523
-0.840922
-0.841597
-0.842916
-0.843015
-0.843367
-0.843487
-0.843606
-0.843732
-0.843985
-0.844120
-0.844223
-0.844359
-0.845502
-0.846140
-0.846509
-0.846633
-0.846745
-0.846888
-0.846994
-0.847104
-0.847580
-0.847703
-0.847811
-0.847926
-0.848670
-0.848784
-0.848895
-0.849018
-0.849379
-0.849608
-0.849976
-0.850239
-0.850364
-0.850620
-0.850747
-0.851106
-0.851225
-0.852427
-0.852555
-0.853858
-0.855822
-0.856038
-0.856138
-0.856855
-0.857231
-0.857440
-0.858031
-0.858143
-0.858386
-0.858486
-0.858597
-0.858942
-0.859635
-0.862288
-0.862647
-0.879447
-0.879764
-0.879968
-0.880156
-0.880265
-0.880367
-0.880458
-0.880667
-0.881084
-0.882692
-0.883010
-0.883120
-0.883246
-0.883364
-0.883892
-0.883993
-0.884940
-0.885255
-0.885359
-0.885990
-0.886114
-0.886428
-0.886527
-0.886632
-0.886940
-0.887028
-0.887228
-0.887469
-0.887562
-0.887795
-0.888121
-0.890332
-0.890441
-0.890949
-0.891063
-0.891180
-0.891385
-0.891591
-0.891697
-0.891805
-0.891910
-0.892121
-0.892305
-0.892413
-0.892519
