0.003772
0.003546
0.003377
0.003345
0.003283
0.003005
0.002906
0.002859
0.002836
0.002814
0.002792
0.002770
0.002748
0.002727
0.002686
0.002428
0.002412
0.002396
0.002364
0.002333
0.002317
0.002302
0.002244
0.002189
0.002149
0.002136
0.002061
0.002038
0.002026
0.002014
0.001886
0.001866
0.001847
0.001837
0.001705
0.001696
0.001688
0.001680
0.001590
0.001583
0.001576
0.001569
0.001555
0.001522
0.001509
0.001490
0.001477
0.001471
0.001447
0.001374
0.001369
0.001348
0.001343
0.001328
0.001271
0.001266
0.001144
0.001091
0.001071
0.001028
0.000979
0.000961
0.000931
0.000907
0.000904
0.000871
0.000869
0.000867
0.000865
0.000863
0.000861
0.000858
0.000856
0.000854
0.000852
0.000850
0.000836
0.000832
0.000821
0.000797
0.000790
0.000788
0.000786
0.000784
0.000776
0.000762
0.000745
0.000715
0.000706
0.000703
0.000699
0.000698
0.000697
0.000695
0.000694
0.000691
0.000690
0.000688
0.000669
0.000659
0.000658
0.000657
0.000641
0.000640
0.000638
0.000633
0.000632
0.000631
0.000607
0.000591
0.000590
0.000589
0.000583
0.000582
0.000607
0.000604
0.000621
0.000620
0.000620
0.000616
0.000615
0.000611
0.000610
0.000609
0.000608
0.000607
0.000606
0.000605
0.000654
0.000653
0.000651
0.000650
0.000649
0.000665
0.000662
0.000694
0.000693
0.000692
0.000691
0.000690
0.000687
0.000716
0.000719
0.000730
0.000725
0.000724
0.000726
0.000724
0.000747
0.000743
0.000751
0.000750
0.000749
0.000754
0.000750
0.000749
0.000748
0.000746
0.000745
0.000732
0.000731
0.000730
0.000728
0.000727
0.000725
0.000774
0.000773
0.000769
0.000766
0.000765
0.000776
0.000775
0.000774
0.000762
0.000769
0.000768
0.000765
0.000762
0.000761
0.000756
0.000754
0.000753
0.000760
0.000759
0.000754
0.000752
0.000751
0.000750
0.000753
0.000752
0.000747
0.000749
0.000748
0.000747
0.000746
0.000744
0.000743
0.000740
0.000740
0.000736
0.000735
0.000726
0.000726
0.000725
0.000723
0.000729
0.000757
0.000755
0.000754
0.000752
0.000750
0.000750
0.000745
0.000743
0.000742
0.000741
0.000739
0.000738
0.000732
0.000731
0.000730
0.000730
0.000727
0.000727
0.000724
0.000701
0.000699
0.000698
0.000697
0.000696
0.000694
0.000693
0.000685
0.000684
0.000681
0.000679
0.000678
0.000676
0.000675
0.000672
0.000672
0.000667
0.000666
0.000664
0.000660
0.000659
0.000654
0.000652
0.000652
0.000632
0.000632
0.000625
0.000624
0.000623
0.000619
0.000619
0.000618
0.000617
0.000617
0.000616
0.000615
0.000607
0.000606
0.000605
0.000604
0.000604
0.000602
0.000602
0.000601
0.000600
0.000590
0.000589
0.000588
0.000587
0.000587
0.000586
0.000586
0.000585
0.000580
0.000580
0.000575
0.000569
0.000568
0.000568
0.000564
0.000562
0.000560
0.000559
0.000559
0.000558
0.000555
0.000550
0.000549
0.000547
0.000547
0.000542
0.000541
0.000540
0.000539
0.000539
0.000538
0.000538
0.000536
0.000533
0.000532
0.000532
0.000532
0.000529
0.000528
0.000527
0.000527
0.000521
0.000520
0.000513
0.000512
0.000511
0.000506
0.000505
0.000505
0.000500
0.000500
0.000498
0.000498
0.000498
0.000497
0.000496
0.000491
0.000490
0.000490
0.000489
0.000488
0.000485
0.000485
0.000484
0.000484
0.000483
0.000476
0.000476
0.000475
0.000475
0.000474
0.000473
0.000469
0.000468
0.000468
0.000468
0.000467
0.000467
0.000467
0.000467
0.000466
0.000466
0.000463
0.000463
0.000462
0.000462
0.000460
0.000460
0.000459
0.000459
0.000457
0.000457
0.000456
0.000456
0.000456
0.000446
0.000445
0.000445
0.000445
0.000444
0.000444
0.000444
0.000443
0.000438
0.000437
0.000437
0.000435
0.000434
0.000434
0.000433
0.000431
0.000431
0.000430
0.000430
0.000429
0.000427
0.000421
0.000420
0.000420
0.000419
0.000418
0.000412
0.000412
0.000412
0.000412
0.000411
0.000411
0.000411
0.000411
0.000410
0.000408
0.000408
0.000408
0.000404
0.000404
0.000404
0.000403
0.000403
0.000403
0.000402
0.000402
0.000401
0.000399
0.000399
0.000398
0.000398
0.000397
0.000396
0.000396
0.000395
0.000395
0.000394
0.000394
0.000394
0.000393
0.000392
0.000392
0.000392
0.000392
0.000390
0.000389
0.000389
0.000388
0.000388
0.000385
0.000385
0.000379
0.000379
0.000378
0.000378
0.000376
0.000375
0.000375
0.000375
0.000375
0.000374
0.000374
0.000374
0.000373
0.000373
0.000372
0.000372
0.000372
0.000371
0.000371
0.000370
0.000370
0.000370
0.000366
0.000362
0.000362
0.000359
0.000359
0.000359
0.000358
0.000358
0.000358
0.000358
0.000358
0.000358
0.000358
0.000357
0.000357
0.000357
0.000354
0.000354
0.000351
0.000351
0.000351
0.000351
0.000350
0.000348
0.000348
0.000347
0.000347
0.000346
0.000346
0.000346
0.000346
0.000346
0.000345
0.000345
0.000345
0.000385
0.000385
0.000382
0.000381
0.000381
0.000379
0.000379
0.000378
0.000378
0.000371
0.000371
0.000370
0.000369
0.000369
0.000369
0.000368
0.000402
0.000401
0.000401
0.000398
0.000398
0.000397
0.000395
0.000395
0.000395
0.000395
0.000394
0.000394
0.000394
0.000393
0.000393
0.000393
0.000392
0.000392
0.000392
0.000392
0.000391
0.000391
0.000391
0.000391
0.000391
0.000391
0.000390
0.000390
0.000388
0.000388
0.000388
0.000388
0.000384
0.000382
0.000382
0.000382
0.000382
0.000380
0.000380
0.000380
0.000378
0.000378
0.000377
0.000377
0.000377
0.000377
0.000376
0.000374
0.000374
0.000374
0.000374
0.000374
0.000372
0.000372
0.000371
0.000371
0.000371
0.000371
0.000368
0.000368
0.000368
0.000365
0.000365
0.000363
0.000363
0.000363
0.000361
0.000361
0.000361
0.000361
0.000361
0.000360
0.000360
0.000359
0.000358
0.000358
0.000358
0.000358
0.000357
0.000357
0.000357
0.000357
0.000354
0.000351
0.000351
0.000351
0.000350
0.000349
0.000349
0.000349
0.000348
0.000348
0.000348
0.000348
0.000348
0.000346
0.000346
0.000346
0.000346
0.000346
0.000343
0.000342
0.000342
0.000341
0.000340
0.000339
0.000339
0.000339
0.000339
0.000353
0.000353
0.000356
0.000356
0.000356
0.000356
0.000355
0.000355
0.000355
0.000354
0.000354
0.000354
0.000354
0.000352
0.000352
0.000352
0.000352
0.000351
0.000351
0.000351
0.000350
0.000350
0.000350
0.000349
0.000349
0.000349
0.000348
0.000348
0.000346
0.000346
0.000346
0.000345
0.000345
0.000345
0.000345
0.000343
0.000343
0.000343
0.000342
0.000365
0.000365
0.000365
0.000365
0.000364
0.000364
0.000364
0.000364
0.000364
0.000362
0.000362
0.000360
0.000360
0.000360
0.000359
0.000359
0.000359
0.000359
0.000359
0.000359
0.000358
0.000357
0.000356
0.000356
0.000356
0.000356
0.000354
0.000353
0.000353
0.000353
0.000350
0.000349
0.000349
0.000349
0.000349
0.000349
0.000348
0.000348
0.000348
0.000347
0.000347
0.000347
0.000346
0.000346
0.000346
0.000346
0.000346
0.000345
0.000345
0.000344
0.000344
0.000344
0.000343
0.000343
0.000343
0.000342
0.000342
0.000342
0.000342
0.000342
0.000341
0.000341
0.000340
0.000340
0.000340
0.000340
0.000340
0.000339
0.000339
0.000339
0.000339
0.000338
0.000338
0.000336
0.000336
0.000336
0.000336
0.000336
0.000335
0.000335
0.000335
0.000335
0.000335
0.000334
0.000334
0.000334
0.000334
0.000334
0.000334
0.000333
0.000333
0.000333
0.000333
0.000333
0.000332
0.000332
0.000332
0.000332
0.000331
0.000331
0.000331
0.000331
0.000331
0.000331
0.000334
0.000334
0.000333
0.000333
0.000333
0.000332
0.000332
0.000332
0.000332
0.000332
0.000332
0.000332
0.000331
0.000330
0.000330
0.000330
0.000330
0.000330
0.000330
0.000329
0.000329
0.000329
0.000329
0.000329
0.000328
0.000333
0.000333
0.000333
0.000332
0.000332
0.000332
0.000332
0.000331
0.000331
0.000331
0.000331
0.000331
0.000364
0.000364
0.000363
0.000361
0.000361
0.000361
0.000360
0.000360
0.000359
0.000359
0.000359
0.000359
0.000359
0.000358
0.000358
0.000357
0.000355
0.000355
0.000350
0.000350
0.000350
0.000349
0.000349
0.000349
0.000349
0.000349
0.000348
0.000347
0.000347
0.000347
0.000347
0.000346
0.000346
0.000346
0.000345
0.000345
0.000345
0.000344
0.000344
0.000344
0.000344
0.000344
0.000343
0.000343
0.000343
0.000343
0.000343
0.000342
0.000342
0.000353
0.000353
0.000352
0.000352
0.000352
0.000352
0.000352
0.000370
0.000369
0.000369
0.000369
0.000369
0.000369
0.000369
