-100.515219
-100.430481
-100.533518
-100.417603
91.222631
-102.726381
-127.245612
-102.778954
-100.979240
-100.000000
-100.254415
-100.664988
-100.580887
-100.266443
-100.000000
-100.000000
-100.000000
-100.000000
-100.000000
100.000000
-100.294505
-103.933105
-100.000000
100.000000
100.377621
-100.735849
-100.000000
-100.000000
-100.132761
99.993876
-100.357303
-100.000000
-100.424569
-100.165280
100.000000
100.000000
-101.734966
-100.209760
-100.292872
-100.000000
-103.313524
-100.000000
-100.000000
-100.000000
-104.140317
-100.000000
-100.000000
-100.000000
-100.168586
-100.545940
-99.838419
-100.472342
-99.757891
-100.000000
-99.483458
-102.958074
-100.000000
-100.491461
-100.000000
-100.743528
-104.285457
-100.000000
-108.271602
-101.954371
-100.258434
-105.689277
-106.110942
-100.690124
-102.775168
-102.218279
-100.000000
-104.781373
-100.000000
-100.000000
-100.000000
-100.000000
-100.000000
-100.000000
-100.000000
-100.000000
-100.000000
-100.000000
-103.341794
-100.450999
-100.751034
-103.240508
99.774809
-100.000000
-100.000000
-100.000000
-102.755503
-103.276392
-103.688246
-108.355271
-100.268536
-100.329293
-100.324021
-100.000000
-100.000000
-100.000000
-100.000000
99.917379
-100.000000
-100.000000
-101.194533
-99.919079
-100.000000
100.000000
-105.649934
-100.000000
-100.290235
-100.690105
-100.000000
-100.000000
-107.404977
-105.596766
-100.000000
-100.000000
100.017590
-100.000000
-104.117605
-101.047893
-100.000000
-100.000000
-100.141994
100.284442
-100.000000
-100.207663
-100.000000
-100.000000
-100.000000
-100.000000
-100.000000
-100.000000
-100.222756
-100.000000
-100.352579
-100.000000
-100.000000
-100.000000
-101.521790
-100.270864
-100.000000
-100.000000
-100.000000
-100.000000
-99.814641
-101.183055
-100.000000
-103.046891
-99.920745
-100.000000
-107.333097
-100.194252
-100.000000
-108.654721
-100.225804
-100.000000
-100.000000
-100.000000
-100.446707
-100.000000
-100.000000
-99.780902
-100.000000
-103.870622
-100.000000
-100.000000
-100.224428
-100.000000
-100.707115
-99.850023
-100.000000
-100.459645
-100.264617
-100.000000
-100.259896
-100.000000
-100.000000
-105.630927
100.000000
-100.000000
-99.620286
-100.925128
-100.000000
-99.514560
-100.441440
-100.000000
98.039141
-100.000000
-100.293351
99.886029
-100.000000
-100.000000
-100.027556
-100.000000
-101.164283
-99.794568
-100.000000
-100.000000
-99.763465
-100.120928
-100.000000
-100.711743
-100.000000
-99.891037
-100.260337
100.281997
-100.000000
-100.000000
-100.367657
99.406526
-100.239687
-100.168927
-100.000000
-100.455498
-100.107083
100.000000
-100.878738
99.991623
100.000000
-100.000000
-100.407128
-100.000000
-101.848151
-100.000000
-100.000000
-100.000000
-100.073432
-100.000000
-99.833205
-110.790869
-99.891915
-100.000000
-100.278451
-100.132646
-100.230365
-100.000000
-102.479878
-99.849668
100.225358
-100.541089
-100.000000
-100.057907
-100.000000
-99.806016
-100.000000
-102.991722
-100.000000
99.683302
-100.771155
-100.006269
98.864825
-100.024703
-100.000000
-110.428348
-100.000000
-104.684008
-100.687334
-100.165328
-99.474097
-100.000000
-100.208280
-100.000000
-100.000000
-100.000000
-100.299447
-102.721046
-100.067449
-100.583674
-100.000000
-100.000000
-99.694546
-100.000000
-100.376780
-100.000000
94.842527
-100.000000
-99.897199
-100.000000
-100.000000
-100.000000
-100.000000
-100.000000
-105.860880
-100.000000
-102.807596
-99.024031
-100.000000
-100.000000
-99.701483
-99.477688
-99.930387
-100.710542
-100.000000
-100.000000
93.879732
-102.285221
-100.000000
99.150973
-100.000000
-106.694349
-100.596313
-100.000000
-101.588580
-100.000000
100.000000
-100.000000
-102.354269
96.090760
-100.000000
-100.000000
-100.000000
-99.923754
-100.000000
-100.913775
-100.000000
-99.844236
-100.475285
-104.317515
-100.015924
-100.504597
-104.168940
-100.000000
-100.000000
-102.497607
-100.000000
-100.917188
-100.000000
-100.000000
-100.000000
-101.021194
-107.431457
-100.216366
-100.000000
-100.000000
-99.310335
-100.725306
-100.000000
-100.010050
-100.000000
-100.000000
-101.644577
-100.195338
-100.000000
-100.000000
-100.588493
-99.960111
-106.568872
-100.523801
-100.000000
-100.000000
-100.000000
100.000000
-100.000000
-100.000000
-100.000000
-100.000000
-100.442834
-100.000000
-100.338695
-100.291756
-100.209548
-100.000000
-100.000000
-100.200562
-100.604073
-100.000000
-100.000000
-100.000000
-100.000000
-102.180463
-100.142463
-100.000000
-100.000000
-100.000000
-100.363405
100.000000
-100.000000
-103.404213
-100.102738
-100.424554
-99.645045
-100.000000
-100.000000
-100.175349
-100.415760
-100.000000
-100.383240
-100.000000
-100.460343
-100.021672
-113.314467
-100.000000
-100.139210
99.712294
-100.311928
-106.380505
-100.000000
-100.000000
-100.000000
-100.000000
-100.000000
-100.000000
-100.000000
-99.397979
-101.303513
-100.000000
-100.425150
-106.088733
-100.000000
-100.000000
99.567160
-100.000000
-100.000000
-100.000000
-100.173147
-100.407205
-102.060909
-100.000000
-99.834062
-100.019655
-101.401164
-100.285984
-100.293489
-99.989633
-100.000000
-100.738481
-100.000000
-100.000000
100.907727
-100.000000
-100.000000
-100.000000
-100.000000
-100.402163
-100.000000
-100.000000
-99.373822
-100.000000
-100.500789
-100.000000
-105.580331
-100.000000
-100.000000
-100.000000
-103.578627
-100.078706
-100.000000
-100.265503
-100.000000
-100.415927
-100.000000
-100.000000
-100.000000
-99.854039
-100.000000
-100.653557
-100.000000
-100.361236
-100.000000
-100.867453
-100.603858
-100.000000
-103.581537
-100.362720
-100.259937
-100.807397
-100.000000
-100.000000
-99.924259
-100.000000
-100.000000
-103.823228
-100.000000
-100.000000
-100.000000
-100.244391
-100.051998
-100.205992
-102.672560
-100.000000
-100.187721
-100.000000
-100.000000
-100.000000
-100.000000
96.498962
-100.060083
-100.100635
-100.310734
-100.514043
-100.000000
100.000000
100.000000
-100.564580
-99.893652
-100.000000
-100.000000
-100.265214
-100.000000
-105.549670
-100.000000
-100.000000
-106.023294
-100.000000
-100.322799
-100.000000
-106.610876
-100.000000
-100.188128
-100.702632
-100.307257
-100.000000
-100.000000
-100.290639
-100.046498
-100.000000
-101.595174
-100.030635
-100.000000
-102.662237
-100.000000
-100.000000
100.000000
-100.213333
-100.000000
-100.476702
-100.079386
-100.000000
-100.000000
-100.000000
-100.000000
-100.000000
-100.152522
-100.115140
-100.000000
-100.000000
-100.000000
-100.000000
-100.000000
-100.000000
-100.000000
-104.702406
-100.000000
-100.000000
-100.000000
-116.076942
-103.073569
-100.000000
-100.000000
-100.000000
-105.500014
100.000000
100.000000
-103.990065
-100.000000
-100.039375
-100.000000
-100.537112
100.000000
-100.465471
-102.235750
-100.000000
-100.000000
-100.000000
-100.000000
-103.268275
-99.972239
-100.000000
-100.000000
-100.286825
-100.000000
-104.626779
100.000000
-100.000000
-105.624083
-100.000000
-103.283507
-100.000000
-100.000000
-103.250509
100.000000
100.000000
-100.000000
-100.000000
-100.000000
-100.982031
-100.008605
-99.535331
-100.000000
-100.000000
-100.000000
-100.542154
-100.681408
-100.000000
-100.000000
-103.655840
96.153857
-100.000000
-100.000000
-105.098335
-100.000000
-99.734258
-100.212424
-100.000000
-100.000000
-100.378402
-100.000000
-100.000000
-100.973005
-100.000000
-100.000000
-100.000000
-100.151284
-104.633632
97.696982
-99.831867
-101.409900
-103.546153
-100.271881
-100.000000
-100.000000
-100.000000
-100.190401
-100.471235
-101.983781
-100.000000
-100.000000
-100.000000
-100.825727
-100.000000
-100.000000
100.000000
-100.000000
-100.000000
-100.000000
-101.188091
-100.124853
100.000000
-100.000000
-100.358576
-100.000000
-100.206073
99.766139
-100.000000
-100.000000
-99.995595
-99.811558
100.000000
100.075104
-100.089314
-101.518359
-100.736459
-100.000000
-100.235862
-100.305913
-100.000000
-100.000000
-104.918759
100.000000
-100.348609
98.007314
-17.523530
99.893794
-100.000000
-100.083740
-100.000000
-99.650262
-100.000000
-100.000000
-99.788559
-102.458644
-102.033874
-104.728813
-100.101019
-100.000000
-100.000000
-100.000000
-100.000000
-100.000000
-100.000000
100.000000
-100.428025
-102.882065
-99.891865
-100.000000
-100.000000
-100.000000
-109.470021
99.778060
-100.000000
99.769876
-109.859398
-100.000000
-100.000000
-100.557214
-100.000000
-99.757550
100.000000
-100.294891
-100.000000
-99.581581
-100.000000
-100.000000
-103.360020
100.000000
-100.000000
-100.000000
-100.000000
-100.000000
-100.000000
-100.748024
100.000000
-100.000000
99.410188
-100.000000
-100.000000
-103.313789
-100.000000
-100.000000
-100.315047
100.000000
-100.000000
-100.726242
-100.000000
-100.610651
-100.298654
-100.000000
-100.000000
-101.079656
-100.000000
-100.000000
-100.000000
-100.315731
-100.000000
-103.464682
-100.000000
-100.000000
-100.000000
-100.438179
-100.170010
-100.000000
-100.000000
-100.000000
-100.114013
-100.680629
-100.000000
-100.537439
-100.000000
-100.211375
-100.000000
-100.466159
-100.000000
-100.000000
-100.000000
-100.000000
-100.214687
-100.000000
-100.000000
-100.470266
-100.352132
-100.000000
-100.162386
-100.000000
-100.510959
-100.000000
-104.609109
-100.085293
-100.153373
-100.000000
-100.288244
-100.000000
-100.000000
-100.000000
-100.777812
-100.000000
-100.000000
-100.000000
-101.926924
-101.128368
-100.721667
-100.000000
-100.000000
-100.000000
-100.000000
-100.000000
100.225484
-100.000000
-100.000000
-100.000000
-100.496097
-100.000000
100.000000
-100.000000
-100.131788
-99.797586
-100.228536
-99.924303
-100.000000
-100.117559
-100.000000
-99.519764
-100.000000
-100.823255
-100.000000
-103.654233
-103.616638
-100.427893
-100.000000
-100.211067
-100.308607
-100.090190
-100.460581
-100.000000
-100.162550
-100.000000
-100.000000
-100.656124
-101.711577
-106.922439
-100.743554
-22.491037
-101.044362
-99.958553
-100.334606
100.000000
-100.000000
-100.000000
-100.494970
-100.673063
-104.074580
-99.892687
-100.000000
-100.000000
100.000000
-100.284222
-100.000000
-102.797158
-100.998978
-100.000000
-101.502000
-100.000000
-100.011408
-100.000000
-100.000000
99.337773
-100.000000
-100.873109
-100.126364
-100.000000
-100.297505
-100.778364
-105.137450
-100.000000
99.493162
-100.000000
-100.000000
99.727459
-99.838772
-100.000000
-100.000000
-100.000000
-100.696947
99.330266
-100.000000
-100.000000
